Year,Month,DayofMonth,DayOfWeek,CRSElapsedTime,AirTime,DepDelay,Distance,TaxiIn,TaxiOut,DepTimeInMins,CRSDepTimeInMins,CRSArrTimeInMins,IsDelayed
2008,1,3,4,150.0,116.0,8.0,810,4.0,8.0,1203.0,1195,1345,0
2008,1,3,4,145.0,113.0,19.0,810,5.0,10.0,474.0,455,600,0
2008,1,3,4,90.0,76.0,8.0,515,3.0,17.0,388.0,380,470,0
2008,1,3,4,90.0,78.0,-4.0,515,3.0,7.0,566.0,570,660,0
2008,1,3,4,90.0,77.0,34.0,515,3.0,10.0,1109.0,1075,1165,1
2008,1,3,4,115.0,87.0,25.0,688,4.0,10.0,1180.0,1155,1270,0
2008,1,3,4,250.0,230.0,67.0,1591,3.0,7.0,1177.0,1110,1180,1
2008,1,3,4,250.0,219.0,-1.0,1591,7.0,7.0,639.0,640,710,0
2008,1,3,4,95.0,70.0,2.0,451,6.0,19.0,377.0,375,410,0
2008,1,3,4,95.0,70.0,0.0,451,3.0,6.0,980.0,980,1015,0
2008,1,3,4,135.0,106.0,6.0,828,5.0,19.0,426.0,420,555,0
2008,1,3,4,135.0,107.0,94.0,828,6.0,8.0,1004.0,910,1045,1
2008,1,3,4,55.0,39.0,-4.0,162,9.0,12.0,866.0,870,865,0
2008,1,3,4,55.0,37.0,0.0,162,7.0,21.0,435.0,435,430,0
2008,1,3,4,55.0,35.0,2.0,162,4.0,10.0,1022.0,1020,1015,0
2008,1,3,4,50.0,37.0,9.0,162,6.0,9.0,629.0,620,610,0
2008,1,3,4,240.0,213.0,27.0,1489,7.0,8.0,892.0,865,985,0
2008,1,3,4,250.0,205.0,9.0,1489,5.0,16.0,474.0,465,595,0
2008,1,3,4,135.0,110.0,28.0,838,4.0,9.0,803.0,775,910,0
2008,1,3,4,70.0,49.0,51.0,220,2.0,5.0,856.0,805,875,1
2008,1,3,4,65.0,51.0,1.0,220,3.0,7.0,426.0,425,490,0
2008,1,3,4,70.0,47.0,32.0,220,5.0,5.0,1017.0,985,1055,1
2008,1,3,4,70.0,49.0,20.0,220,2.0,5.0,1140.0,1120,1190,0
2008,1,3,4,70.0,47.0,9.0,220,2.0,5.0,639.0,630,700,0
2008,1,3,4,70.0,53.0,1.0,220,3.0,5.0,481.0,480,550,0
2008,1,3,4,70.0,50.0,25.0,220,2.0,7.0,920.0,895,965,0
2008,1,3,4,195.0,143.0,87.0,1093,6.0,6.0,862.0,775,970,1
2008,1,3,4,190.0,155.0,29.0,1093,3.0,7.0,1194.0,1165,1355,0
2008,1,3,4,190.0,147.0,1.0,1093,5.0,13.0,396.0,395,585,0
2008,1,3,4,350.0,314.0,4.0,2283,2.0,8.0,454.0,450,620,0
2008,1,3,4,165.0,134.0,82.0,972,6.0,7.0,1267.0,1185,1350,1
2008,1,3,4,170.0,135.0,3.0,972,5.0,6.0,608.0,605,775,0
2008,1,3,4,170.0,142.0,2.0,972,5.0,14.0,432.0,430,600,0
2008,1,3,4,170.0,140.0,12.0,972,7.0,7.0,792.0,780,950,0
2008,1,3,4,170.0,134.0,19.0,972,6.0,6.0,889.0,870,1040,0
2008,1,3,4,170.0,134.0,39.0,972,5.0,6.0,994.0,955,1125,0
2008,1,3,4,145.0,112.0,1.0,765,5.0,7.0,511.0,510,595,0
2008,1,3,4,145.0,118.0,82.0,765,6.0,11.0,1092.0,1010,1095,1
2008,1,3,4,145.0,114.0,22.0,765,9.0,5.0,687.0,665,750,0
2008,1,3,4,145.0,113.0,29.0,765,8.0,6.0,864.0,835,920,0
2008,1,3,4,180.0,143.0,56.0,1052,5.0,5.0,806.0,750,930,1
2008,1,3,4,185.0,138.0,24.0,1052,4.0,8.0,1069.0,1045,1230,0
2008,1,3,4,180.0,140.0,6.0,1052,4.0,8.0,446.0,440,620,0
2008,1,3,4,195.0,151.0,6.0,1101,3.0,9.0,406.0,400,595,0
2008,1,3,4,180.0,143.0,13.0,1034,4.0,8.0,713.0,700,880,0
2008,1,3,4,180.0,144.0,18.0,1034,4.0,6.0,928.0,910,1090,0
2008,1,3,4,180.0,142.0,-1.0,1034,3.0,8.0,394.0,395,575,0
2008,1,3,4,130.0,123.0,1.0,888,5.0,9.0,511.0,510,700,0
2008,1,3,4,130.0,121.0,15.0,888,7.0,8.0,890.0,875,1065,1
2008,1,3,4,80.0,59.0,315.0,359,3.0,7.0,1365.0,1050,1130,1
2008,1,3,4,80.0,60.0,0.0,359,2.0,7.0,375.0,375,455,0
2008,1,3,4,80.0,63.0,5.0,359,3.0,7.0,710.0,705,785,0
2008,1,3,4,80.0,60.0,45.0,359,3.0,7.0,1225.0,1180,1260,1
2008,1,3,4,100.0,81.0,53.0,587,8.0,7.0,638.0,585,745,1
2008,1,3,4,115.0,97.0,10.0,666,40.0,6.0,1140.0,1130,1245,1
2008,1,3,4,120.0,99.0,0.0,666,6.0,6.0,420.0,420,540,0
2008,1,3,4,75.0,59.0,23.0,365,3.0,9.0,588.0,565,580,1
2008,1,3,4,95.0,77.0,26.0,484,6.0,16.0,406.0,380,415,1
2008,1,3,4,90.0,72.0,30.0,484,5.0,9.0,670.0,640,670,1
2008,1,3,4,95.0,74.0,0.0,484,5.0,9.0,935.0,935,970,0
2008,1,3,4,95.0,71.0,4.0,484,4.0,8.0,1159.0,1155,1190,0
2008,1,3,4,105.0,96.0,-2.0,663,7.0,9.0,653.0,655,760,0
2008,1,3,4,105.0,95.0,-7.0,663,2.0,13.0,873.0,880,985,0
2008,1,3,4,105.0,91.0,5.0,663,5.0,7.0,1215.0,1210,1315,0
2008,1,3,4,70.0,54.0,9.0,318,3.0,8.0,1299.0,1290,1360,0
2008,1,3,4,75.0,49.0,0.0,318,5.0,8.0,900.0,900,975,0
2008,1,3,4,70.0,51.0,0.0,318,10.0,9.0,530.0,530,600,0
2008,1,3,4,70.0,46.0,1.0,318,13.0,7.0,406.0,405,475,0
2008,1,3,4,70.0,54.0,1.0,318,5.0,8.0,741.0,740,810,0
2008,1,3,4,70.0,49.0,8.0,318,6.0,8.0,1058.0,1050,1120,0
2008,1,3,4,150.0,125.0,38.0,816,6.0,12.0,1093.0,1055,1145,1
2008,1,3,4,125.0,104.0,12.0,688,7.0,8.0,482.0,470,595,0
2008,1,3,4,90.0,75.0,-5.0,543,3.0,8.0,1100.0,1105,1195,0
2008,1,3,4,85.0,80.0,1.0,543,3.0,9.0,501.0,500,585,0
2008,1,3,4,135.0,113.0,44.0,742,4.0,10.0,1054.0,1010,1145,1
2008,1,3,4,135.0,120.0,12.0,742,5.0,9.0,432.0,420,555,0
2008,1,3,4,50.0,39.0,8.0,180,4.0,9.0,798.0,790,840,0
2008,1,3,4,50.0,36.0,58.0,180,4.0,14.0,598.0,540,590,1
2008,1,3,4,55.0,38.0,9.0,180,4.0,9.0,1139.0,1130,1185,0
2008,1,3,4,85.0,60.0,53.0,487,4.0,11.0,938.0,885,1030,1
2008,1,3,4,85.0,63.0,-2.0,487,5.0,10.0,573.0,575,720,0
2008,1,3,4,80.0,60.0,83.0,487,4.0,10.0,1368.0,1285,1425,1
2008,1,3,4,90.0,65.0,57.0,487,3.0,15.0,807.0,750,900,1
2008,1,3,4,85.0,61.0,-1.0,487,4.0,17.0,384.0,385,530,0
2008,1,3,4,85.0,60.0,14.0,487,4.0,15.0,974.0,960,1105,0
2008,1,3,4,85.0,60.0,2.0,487,5.0,14.0,1157.0,1155,1300,0
2008,1,3,4,275.0,243.0,97.0,2237,3.0,10.0,1112.0,1015,30,1
2008,1,3,4,120.0,91.0,34.0,758,5.0,28.0,749.0,715,955,1
2008,1,3,4,160.0,131.0,16.0,1090,3.0,14.0,776.0,760,1040,0
2008,1,3,4,155.0,127.0,63.0,1090,5.0,14.0,1278.0,1215,50,1
2008,1,3,4,160.0,135.0,15.0,1090,4.0,10.0,545.0,530,810,0
2008,1,3,4,285.0,253.0,59.0,2298,9.0,13.0,1059.0,1000,25,1
2008,1,3,4,205.0,183.0,1.0,1618,2.0,15.0,546.0,545,870,0
2008,1,3,4,205.0,185.0,1.0,1588,4.0,14.0,496.0,495,820,0
2008,1,3,4,210.0,178.0,45.0,1588,6.0,12.0,805.0,760,1090,1
2008,1,3,4,210.0,183.0,26.0,1588,6.0,15.0,906.0,880,1210,1
2008,1,3,4,205.0,177.0,69.0,1588,5.0,14.0,1239.0,1170,55,1
2008,1,3,4,110.0,84.0,4.0,520,3.0,18.0,564.0,560,730,0
2008,1,3,4,110.0,73.0,36.0,520,3.0,22.0,971.0,935,1105,1
2008,1,3,4,250.0,221.0,69.0,1987,2.0,10.0,1104.0,1035,25,1
2008,1,3,4,60.0,46.0,1.0,223,2.0,16.0,506.0,505,565,0
2008,1,3,4,60.0,46.0,63.0,223,3.0,17.0,1278.0,1215,1275,1
2008,1,3,4,60.0,46.0,38.0,223,2.0,10.0,1098.0,1060,1120,1
2008,1,3,4,60.0,47.0,0.0,223,3.0,8.0,410.0,410,470,0
2008,1,3,4,60.0,48.0,51.0,223,3.0,13.0,1306.0,1255,1315,1
2008,1,3,4,60.0,43.0,211.0,223,3.0,13.0,1361.0,1150,1210,1
2008,1,3,4,65.0,50.0,14.0,223,2.0,12.0,849.0,835,900,0
2008,1,3,4,65.0,46.0,10.0,223,2.0,9.0,660.0,650,715,0
2008,1,3,4,65.0,47.0,16.0,223,2.0,11.0,786.0,770,835,0
2008,1,3,4,70.0,46.0,56.0,223,2.0,18.0,1046.0,990,1060,1
2008,1,3,4,65.0,46.0,0.0,223,2.0,14.0,555.0,555,620,0
2008,1,3,4,65.0,47.0,9.0,223,2.0,24.0,749.0,740,805,0
2008,1,3,4,60.0,42.0,4.0,223,2.0,13.0,899.0,895,955,0
2008,1,3,4,265.0,244.0,23.0,2106,6.0,10.0,548.0,525,970,0
2008,1,3,4,260.0,230.0,47.0,2106,5.0,10.0,1097.0,1050,50,1
2008,1,3,4,270.0,243.0,3.0,2106,4.0,14.0,768.0,765,1215,0
2008,1,3,4,240.0,213.0,11.0,1825,8.0,21.0,596.0,585,1005,0
2008,1,3,4,230.0,195.0,69.0,1772,2.0,15.0,1129.0,1060,30,1
2008,1,3,4,230.0,201.0,10.0,1772,6.0,28.0,730.0,720,1130,0
2008,1,3,4,115.0,84.0,1.0,629,9.0,7.0,421.0,420,595,0
2008,1,3,4,110.0,79.0,17.0,629,9.0,13.0,647.0,630,800,0
2008,1,3,4,110.0,77.0,77.0,629,6.0,13.0,1352.0,1275,5,1
2008,1,3,4,115.0,88.0,117.0,629,8.0,14.0,912.0,795,970,1
2008,1,3,4,110.0,78.0,30.0,629,6.0,12.0,1225.0,1195,1365,0
2008,1,3,4,115.0,85.0,14.0,629,7.0,9.0,879.0,865,1040,0
2008,1,3,4,120.0,80.0,27.0,629,8.0,21.0,987.0,960,1140,0
2008,1,3,4,95.0,78.0,35.0,584,2.0,12.0,1065.0,1030,1185,1
2008,1,3,4,100.0,73.0,9.0,584,3.0,15.0,649.0,640,800,0
2008,1,3,4,155.0,116.0,27.0,806,3.0,9.0,677.0,650,805,0
2008,1,3,4,150.0,116.0,65.0,806,4.0,15.0,1045.0,980,1130,1
2008,1,3,4,175.0,143.0,49.0,1235,3.0,13.0,1104.0,1055,1350,1
2008,1,3,4,180.0,147.0,10.0,1235,3.0,24.0,710.0,700,1000,0
2008,1,3,4,175.0,146.0,9.0,1235,3.0,9.0,469.0,460,755,0
2008,1,3,4,165.0,150.0,41.0,1235,4.0,9.0,1251.0,1210,55,1
2008,1,3,4,260.0,232.0,30.0,2066,7.0,13.0,955.0,925,1365,1
2008,1,3,4,215.0,176.0,275.0,1591,9.0,9.0,1375.0,1100,55,1
2008,1,3,4,215.0,179.0,39.0,1591,8.0,21.0,689.0,650,1045,1
2008,1,3,4,285.0,269.0,52.0,2283,4.0,22.0,962.0,910,1375,1
2008,1,3,4,65.0,42.0,23.0,236,6.0,12.0,1058.0,1035,1100,0
2008,1,3,4,65.0,40.0,17.0,236,7.0,12.0,1327.0,1310,1375,0
2008,1,3,4,65.0,41.0,26.0,236,16.0,16.0,1131.0,1105,1170,1
2008,1,3,4,60.0,42.0,16.0,236,7.0,12.0,421.0,405,465,0
2008,1,3,4,65.0,41.0,61.0,236,9.0,18.0,956.0,895,960,1
2008,1,3,4,65.0,43.0,4.0,236,7.0,20.0,774.0,770,835,0
2008,1,3,4,65.0,43.0,0.0,236,11.0,12.0,520.0,520,585,0
2008,1,3,4,65.0,47.0,15.0,236,5.0,16.0,940.0,925,990,0
2008,1,3,4,65.0,52.0,0.0,236,10.0,9.0,470.0,470,535,0
2008,1,3,4,70.0,43.0,28.0,236,7.0,22.0,748.0,720,790,1
2008,1,3,4,70.0,45.0,42.0,236,7.0,30.0,1247.0,1205,1275,1
2008,1,3,4,65.0,44.0,38.0,236,11.0,10.0,1318.0,1280,1345,1
2008,1,3,4,70.0,45.0,3.0,236,8.0,11.0,628.0,625,695,0
2008,1,3,4,65.0,44.0,3.0,236,11.0,12.0,863.0,860,925,0
2008,1,3,4,120.0,90.0,47.0,775,4.0,20.0,707.0,660,900,1
2008,1,3,4,175.0,148.0,9.0,1295,4.0,12.0,539.0,530,825,0
2008,1,3,4,120.0,95.0,30.0,796,2.0,20.0,700.0,670,910,1
2008,1,3,4,170.0,139.0,16.0,1140,4.0,32.0,746.0,730,1020,1
2008,1,3,4,165.0,131.0,73.0,1140,7.0,18.0,1278.0,1205,50,1
2008,1,3,4,165.0,130.0,58.0,1140,5.0,8.0,1203.0,1145,1430,1
2008,1,3,4,170.0,130.0,72.0,1140,4.0,23.0,982.0,910,1200,1
2008,1,3,4,165.0,137.0,-2.0,1140,4.0,14.0,408.0,410,695,0
2008,1,3,4,170.0,136.0,23.0,1140,5.0,17.0,603.0,580,870,0
2008,1,3,4,265.0,234.0,19.0,2039,6.0,14.0,799.0,780,1225,0
2008,1,3,4,210.0,177.0,6.0,1521,62.0,17.0,906.0,900,1230,1
2008,1,3,4,205.0,182.0,3.0,1521,5.0,10.0,408.0,405,730,0
2008,1,3,4,210.0,175.0,2.0,1521,6.0,10.0,652.0,650,980,0
2008,1,3,4,210.0,177.0,9.0,1521,8.0,12.0,864.0,855,1185,0
2008,1,3,4,215.0,175.0,26.0,1521,23.0,21.0,731.0,705,1040,1
2008,1,3,4,205.0,181.0,19.0,1521,6.0,13.0,494.0,475,800,0
2008,1,3,4,210.0,177.0,-1.0,1521,6.0,16.0,574.0,575,905,0
2008,1,3,4,210.0,169.0,8.0,1521,6.0,11.0,1028.0,1020,1350,0
2008,1,3,4,200.0,171.0,34.0,1521,8.0,13.0,1159.0,1125,5,1
2008,1,3,4,200.0,168.0,90.0,1521,8.0,11.0,1185.0,1095,1415,1
2008,1,3,4,200.0,171.0,87.0,1521,7.0,7.0,1257.0,1170,50,1
2008,1,3,4,215.0,177.0,44.0,1521,6.0,10.0,834.0,790,1125,1
2008,1,3,4,290.0,257.0,18.0,2356,4.0,9.0,1023.0,1005,35,0
2008,1,3,4,195.0,174.0,0.0,1501,3.0,18.0,630.0,630,945,0
2008,1,3,4,195.0,166.0,38.0,1501,4.0,12.0,1143.0,1105,1420,1
2008,1,3,4,90.0,80.0,-2.0,407,4.0,12.0,668.0,670,760,0
2008,1,3,4,95.0,74.0,9.0,407,4.0,13.0,834.0,825,920,0
2008,1,3,4,95.0,72.0,124.0,407,5.0,9.0,1184.0,1060,1155,1
2008,1,3,4,100.0,76.0,46.0,407,3.0,15.0,771.0,725,825,1
2008,1,3,4,90.0,78.0,43.0,407,4.0,18.0,948.0,905,995,1
2008,1,3,4,90.0,72.0,1.0,407,3.0,19.0,501.0,500,590,0
2008,1,3,4,90.0,78.0,51.0,407,4.0,10.0,1336.0,1285,1375,1
2008,1,3,4,90.0,77.0,70.0,407,28.0,8.0,1210.0,1140,1230,1
2008,1,3,4,95.0,79.0,13.0,407,4.0,12.0,873.0,860,955,0
2008,1,3,4,90.0,71.0,10.0,407,3.0,17.0,575.0,565,655,0
2008,1,3,4,90.0,83.0,1.0,407,5.0,10.0,1316.0,1315,1405,0
2008,1,3,4,90.0,81.0,15.0,407,3.0,10.0,1235.0,1220,1310,1
2008,1,3,4,90.0,76.0,2.0,407,4.0,11.0,362.0,360,450,0
2008,1,3,4,140.0,116.0,7.0,987,4.0,24.0,712.0,705,965,0
2008,1,3,4,160.0,132.0,80.0,1099,3.0,9.0,875.0,795,1075,1
2008,1,3,4,155.0,125.0,89.0,1099,2.0,10.0,1249.0,1160,1435,1
2008,1,3,4,160.0,131.0,3.0,1099,4.0,14.0,553.0,550,830,0
2008,1,3,4,55.0,38.0,3.0,197,4.0,26.0,973.0,970,1025,0
2008,1,3,4,55.0,34.0,30.0,197,4.0,8.0,1215.0,1185,1240,1
2008,1,3,4,55.0,35.0,0.0,197,4.0,8.0,415.0,415,470,0
2008,1,3,4,55.0,33.0,3.0,197,6.0,16.0,878.0,875,930,0
2008,1,3,4,55.0,36.0,32.0,197,3.0,11.0,662.0,630,685,1
2008,1,3,4,50.0,36.0,58.0,197,5.0,9.0,1338.0,1280,1330,1
2008,1,3,4,55.0,34.0,16.0,197,5.0,8.0,531.0,515,570,0
2008,1,3,4,55.0,36.0,15.0,197,4.0,21.0,750.0,735,790,1
2008,1,3,4,55.0,32.0,38.0,197,3.0,17.0,1118.0,1080,1135,1
2008,1,3,4,55.0,37.0,28.0,197,4.0,10.0,838.0,810,865,1
2008,1,3,4,270.0,237.0,62.0,2155,4.0,10.0,1077.0,1015,25,1
2008,1,3,4,140.0,112.0,21.0,762,4.0,10.0,1096.0,1075,1215,0
2008,1,3,4,145.0,108.0,0.0,762,6.0,9.0,475.0,475,620,0
2008,1,3,4,145.0,106.0,33.0,762,22.0,13.0,808.0,775,920,1
2008,1,3,4,140.0,112.0,54.0,762,3.0,14.0,1294.0,1240,1380,1
2008,1,3,4,290.0,245.0,42.0,2176,5.0,19.0,687.0,645,1115,1
2008,1,3,4,285.0,244.0,20.0,2176,4.0,13.0,1040.0,1020,45,0
2008,1,3,4,65.0,43.0,-1.0,256,4.0,14.0,359.0,360,485,0
2008,1,3,4,70.0,49.0,7.0,256,7.0,24.0,432.0,425,555,0
2008,1,3,4,70.0,50.0,7.0,256,5.0,11.0,807.0,800,930,0
2008,1,3,4,65.0,47.0,7.0,256,4.0,8.0,1097.0,1090,1215,0
2008,1,3,4,70.0,49.0,27.0,256,5.0,10.0,1087.0,1060,1190,1
2008,1,3,4,65.0,48.0,87.0,256,4.0,10.0,1032.0,945,1070,1
2008,1,3,4,70.0,47.0,1.0,256,4.0,21.0,726.0,725,855,0
2008,1,3,4,65.0,46.0,24.0,256,8.0,15.0,694.0,670,795,1
2008,1,3,4,70.0,49.0,-2.0,256,5.0,11.0,603.0,605,735,0
2008,1,3,4,65.0,49.0,-5.0,256,4.0,26.0,495.0,500,625,0
2008,1,3,4,60.0,43.0,46.0,256,5.0,9.0,1316.0,1270,1390,1
2008,1,3,4,60.0,40.0,60.0,256,3.0,11.0,1300.0,1240,1360,1
2008,1,3,4,65.0,44.0,-4.0,256,5.0,12.0,391.0,395,520,0
2008,1,3,4,65.0,46.0,31.0,256,5.0,13.0,921.0,890,1015,1
2008,1,3,4,65.0,43.0,75.0,256,4.0,8.0,1260.0,1185,1310,1
2008,1,3,4,75.0,49.0,27.0,256,5.0,14.0,1017.0,990,1125,1
2008,1,3,4,65.0,44.0,11.0,256,5.0,14.0,566.0,555,680,0
2008,1,3,4,65.0,44.0,-2.0,256,4.0,11.0,853.0,855,980,0
2008,1,3,4,245.0,210.0,40.0,1910,6.0,13.0,1105.0,1065,50,1
2008,1,3,4,245.0,218.0,12.0,1910,7.0,19.0,567.0,555,980,0
2008,1,3,4,290.0,266.0,30.0,2363,4.0,23.0,990.0,960,1430,1
2008,1,3,4,260.0,231.0,16.0,2027,6.0,19.0,696.0,680,1120,0
2008,1,3,4,260.0,222.0,59.0,2027,2.0,13.0,1104.0,1045,45,1
2008,1,3,4,85.0,60.0,46.0,345,4.0,10.0,1036.0,990,1075,1
2008,1,3,4,80.0,54.0,33.0,345,4.0,8.0,1168.0,1135,1215,1
2008,1,3,4,80.0,55.0,-1.0,345,4.0,8.0,429.0,430,510,0
2008,1,3,4,80.0,57.0,11.0,345,14.0,13.0,1061.0,1050,1130,0
2008,1,3,4,80.0,55.0,29.0,345,7.0,21.0,969.0,940,1020,1
2008,1,3,4,75.0,61.0,33.0,345,3.0,12.0,553.0,520,595,1
2008,1,3,4,75.0,57.0,15.0,345,4.0,18.0,1335.0,1320,1395,1
2008,1,3,4,75.0,56.0,57.0,345,4.0,14.0,1297.0,1240,1315,1
2008,1,3,4,75.0,52.0,-1.0,345,4.0,9.0,384.0,385,460,0
2008,1,3,4,85.0,54.0,40.0,345,4.0,12.0,660.0,620,705,1
2008,1,3,4,80.0,57.0,18.0,345,4.0,23.0,793.0,775,855,1
2008,1,3,4,80.0,56.0,25.0,345,4.0,12.0,855.0,830,910,0
2008,1,3,4,80.0,56.0,-2.0,345,3.0,14.0,668.0,670,750,0
2008,1,3,4,65.0,51.0,18.0,258,2.0,14.0,828.0,810,875,1
2008,1,3,4,65.0,48.0,1.0,258,4.0,16.0,741.0,740,805,0
2008,1,3,4,60.0,45.0,50.0,258,3.0,12.0,1300.0,1250,1310,1
2008,1,3,4,60.0,45.0,0.0,258,3.0,16.0,485.0,485,545,0
2008,1,3,4,70.0,46.0,18.0,258,4.0,18.0,1003.0,985,1055,0
2008,1,3,4,65.0,46.0,6.0,258,2.0,11.0,586.0,580,645,0
2008,1,3,4,60.0,44.0,10.0,258,4.0,13.0,1155.0,1145,1205,0
2008,1,3,4,60.0,44.0,59.0,258,4.0,18.0,1119.0,1060,1120,1
2008,1,3,4,60.0,49.0,42.0,258,3.0,8.0,1327.0,1285,1345,1
2008,1,3,4,65.0,48.0,38.0,258,3.0,10.0,903.0,865,930,1
2008,1,3,4,60.0,47.0,58.0,258,3.0,24.0,973.0,915,975,1
2008,1,3,4,60.0,45.0,53.0,258,3.0,10.0,1368.0,1315,1375,1
2008,1,3,4,60.0,46.0,-3.0,258,3.0,12.0,372.0,375,435,0
2008,1,3,4,65.0,50.0,8.0,258,3.0,14.0,678.0,670,735,0
2008,1,3,4,155.0,126.0,11.0,1069,4.0,14.0,896.0,885,1160,0
2008,1,3,4,150.0,122.0,47.0,1069,2.0,10.0,1222.0,1175,5,1
2008,1,3,4,150.0,127.0,9.0,1069,4.0,9.0,649.0,640,910,0
2008,1,3,4,150.0,125.0,3.0,1069,2.0,15.0,473.0,470,740,0
2008,1,3,4,215.0,192.0,21.0,1624,9.0,18.0,1111.0,1090,45,1
2008,1,3,4,165.0,129.0,19.0,866,7.0,9.0,1024.0,1005,1170,0
2008,1,3,4,160.0,129.0,12.0,866,5.0,10.0,1217.0,1205,1365,0
2008,1,3,4,165.0,124.0,-1.0,866,5.0,11.0,399.0,400,565,0
2008,1,3,4,160.0,119.0,27.0,866,7.0,7.0,677.0,650,810,0
2008,1,3,4,95.0,75.0,31.0,414,3.0,21.0,866.0,835,930,1
2008,1,3,4,95.0,76.0,59.0,414,3.0,20.0,609.0,550,645,1
2008,1,3,4,95.0,73.0,201.0,414,4.0,85.0,1221.0,1020,1115,1
2008,1,3,4,95.0,88.0,80.0,414,4.0,11.0,1225.0,1145,1240,1
2008,1,3,4,95.0,70.0,-2.0,414,4.0,12.0,363.0,365,460,0
2008,1,3,4,95.0,98.0,116.0,414,4.0,16.0,1381.0,1265,1360,1
2008,1,3,4,95.0,72.0,183.0,414,4.0,12.0,918.0,735,830,1
2008,1,3,4,85.0,71.0,32.0,386,4.0,10.0,787.0,755,840,1
2008,1,3,4,80.0,74.0,5.0,386,4.0,13.0,375.0,370,450,0
2008,1,3,4,80.0,70.0,32.0,386,4.0,13.0,1217.0,1185,1265,1
2008,1,3,4,85.0,67.0,0.0,386,14.0,12.0,1135.0,1135,1220,0
2008,1,3,4,80.0,69.0,34.0,386,8.0,10.0,1274.0,1240,1320,1
2008,1,3,4,85.0,68.0,45.0,386,5.0,21.0,965.0,920,1005,1
2008,1,3,4,85.0,70.0,-4.0,386,15.0,13.0,596.0,600,685,0
2008,1,3,4,85.0,66.0,1.0,386,4.0,7.0,451.0,450,535,0
2008,1,3,4,85.0,66.0,39.0,386,5.0,12.0,1054.0,1015,1100,1
2008,1,3,4,80.0,54.0,39.0,368,6.0,29.0,699.0,660,800,1
2008,1,3,4,75.0,58.0,119.0,368,2.0,10.0,1264.0,1145,1280,1
2008,1,3,4,80.0,55.0,49.0,368,4.0,14.0,559.0,510,650,1
2008,1,3,4,75.0,58.0,23.0,368,3.0,14.0,1273.0,1250,1385,1
2008,1,3,4,85.0,62.0,77.0,368,4.0,17.0,1032.0,955,1100,1
2008,1,3,4,80.0,55.0,24.0,368,2.0,11.0,859.0,835,975,0
2008,1,3,4,75.0,55.0,62.0,368,4.0,13.0,1362.0,1300,1435,1
2008,1,3,4,80.0,55.0,-4.0,368,3.0,10.0,371.0,375,515,0
2008,1,3,4,85.0,66.0,39.0,397,5.0,10.0,1189.0,1150,1235,1
2008,1,3,4,90.0,74.0,19.0,397,6.0,10.0,849.0,830,920,1
2008,1,3,4,85.0,65.0,-3.0,397,5.0,12.0,397.0,400,485,0
2008,1,3,4,85.0,67.0,51.0,397,6.0,12.0,1101.0,1050,1135,1
2008,1,3,4,90.0,68.0,11.0,397,4.0,18.0,556.0,545,635,0
2008,1,3,4,95.0,66.0,19.0,397,5.0,17.0,694.0,675,770,0
2008,1,3,4,90.0,68.0,12.0,397,4.0,9.0,927.0,915,1005,0
2008,1,3,4,85.0,64.0,15.0,397,4.0,13.0,1275.0,1260,1345,0
2008,1,3,4,60.0,43.0,-1.0,226,29.0,8.0,1174.0,1175,1235,1
2008,1,3,4,65.0,42.0,0.0,226,4.0,7.0,785.0,785,850,0
2008,1,3,4,65.0,40.0,57.0,226,7.0,10.0,1157.0,1100,1165,1
2008,1,3,4,60.0,45.0,75.0,226,5.0,9.0,685.0,610,670,1
2008,1,3,4,65.0,43.0,5.0,226,4.0,13.0,905.0,900,965,0
2008,1,3,4,60.0,42.0,-3.0,226,4.0,10.0,467.0,470,530,0
2008,1,3,4,190.0,151.0,53.0,1372,3.0,24.0,703.0,650,960,1
2008,1,3,4,190.0,150.0,28.0,1372,4.0,17.0,958.0,930,1240,0
2008,1,3,4,180.0,157.0,45.0,1372,3.0,9.0,1180.0,1135,1435,1
2008,1,3,4,250.0,217.0,55.0,1984,5.0,10.0,1100.0,1045,35,1
2008,1,3,4,150.0,126.0,68.0,1076,3.0,29.0,703.0,635,905,1
2008,1,3,4,75.0,53.0,56.0,365,4.0,9.0,1331.0,1275,1410,1
2008,1,3,4,75.0,56.0,56.0,365,4.0,11.0,1101.0,1045,1180,1
2008,1,3,4,75.0,55.0,-5.0,365,3.0,13.0,435.0,440,575,0
2008,1,3,4,75.0,55.0,21.0,365,3.0,17.0,821.0,800,935,1
2008,1,3,4,70.0,53.0,38.0,365,4.0,8.0,1268.0,1230,1360,1
2008,1,3,4,75.0,54.0,28.0,365,3.0,18.0,678.0,650,785,1
2008,1,3,4,105.0,81.0,25.0,677,4.0,10.0,1055.0,1030,1195,0
2008,1,3,4,105.0,82.0,40.0,677,6.0,9.0,1265.0,1225,1390,1
2008,1,3,4,105.0,80.0,13.0,677,18.0,5.0,808.0,795,960,0
2008,1,3,4,105.0,82.0,4.0,677,4.0,8.0,584.0,580,745,0
2008,1,3,4,170.0,148.0,9.0,1242,5.0,7.0,624.0,615,905,0
2008,1,3,4,225.0,200.0,5.0,1797,6.0,11.0,500.0,495,840,0
2008,1,3,4,225.0,203.0,52.0,1797,4.0,8.0,992.0,940,1285,1
2008,1,3,4,225.0,200.0,32.0,1797,4.0,11.0,807.0,775,1120,1
2008,1,3,4,115.0,86.0,10.0,714,3.0,10.0,810.0,800,975,0
2008,1,3,4,110.0,85.0,110.0,714,3.0,8.0,1165.0,1055,1225,1
2008,1,3,4,110.0,88.0,20.0,714,3.0,14.0,605.0,585,755,0
2008,1,3,4,185.0,156.0,4.0,1390,3.0,11.0,709.0,705,1010,0
2008,1,3,4,180.0,157.0,77.0,1390,4.0,8.0,1062.0,985,1285,1
2008,1,3,4,185.0,163.0,2.0,1390,5.0,6.0,487.0,485,790,0
2008,1,3,4,180.0,159.0,45.0,1390,3.0,7.0,1220.0,1175,35,1
2008,1,3,4,65.0,41.0,36.0,236,4.0,8.0,901.0,865,930,1
2008,1,3,4,65.0,47.0,30.0,236,3.0,18.0,725.0,695,760,1
2008,1,3,4,65.0,41.0,12.0,236,8.0,7.0,1012.0,1000,1065,0
2008,1,3,4,65.0,44.0,27.0,236,4.0,52.0,562.0,535,600,1
2008,1,3,4,60.0,42.0,55.0,236,6.0,8.0,1115.0,1060,1120,1
2008,1,3,4,65.0,43.0,12.0,236,22.0,19.0,627.0,615,680,1
2008,1,3,4,65.0,45.0,1.0,236,3.0,10.0,386.0,385,450,0
2008,1,3,4,65.0,46.0,3.0,236,3.0,9.0,933.0,930,995,0
2008,1,3,4,65.0,42.0,25.0,236,25.0,9.0,1150.0,1125,1190,1
2008,1,3,4,60.0,46.0,4.0,236,3.0,5.0,464.0,460,520,0
2008,1,3,4,65.0,41.0,9.0,236,4.0,18.0,1269.0,1260,1325,0
2008,1,3,4,65.0,47.0,57.0,236,3.0,8.0,1357.0,1300,1365,1
2008,1,3,4,60.0,43.0,30.0,236,4.0,8.0,1225.0,1195,1255,1
2008,1,3,4,65.0,42.0,48.0,236,5.0,9.0,863.0,815,880,1
2008,1,3,4,195.0,154.0,27.0,1363,5.0,9.0,817.0,790,1105,0
2008,1,3,4,195.0,156.0,17.0,1363,3.0,5.0,702.0,685,1000,0
2008,1,3,4,190.0,159.0,53.0,1363,6.0,9.0,1168.0,1115,1425,1
2008,1,3,4,190.0,169.0,4.0,1363,4.0,6.0,394.0,390,700,0
2008,1,3,4,230.0,192.0,48.0,1750,7.0,10.0,1033.0,985,1335,1
2008,1,3,4,230.0,205.0,3.0,1750,6.0,7.0,533.0,530,880,0
2008,1,3,4,235.0,201.0,15.0,1750,4.0,5.0,775.0,760,1115,0
2008,1,3,4,235.0,202.0,8.0,1750,64.0,11.0,893.0,885,1240,1
2008,1,3,4,235.0,201.0,16.0,1750,21.0,7.0,601.0,585,940,0
2008,1,3,4,235.0,206.0,5.0,1750,4.0,9.0,390.0,385,740,0
2008,1,3,4,235.0,195.0,36.0,1750,6.0,9.0,1111.0,1075,1430,0
2008,1,3,4,75.0,62.0,30.0,337,3.0,7.0,630.0,600,675,1
2008,1,3,4,75.0,66.0,64.0,337,4.0,13.0,1204.0,1140,1215,1
2008,1,3,4,75.0,63.0,23.0,337,4.0,44.0,563.0,540,615,1
2008,1,3,4,75.0,65.0,19.0,337,4.0,6.0,859.0,840,915,1
2008,1,3,4,75.0,65.0,22.0,337,5.0,6.0,922.0,900,975,1
2008,1,3,4,75.0,67.0,33.0,337,5.0,18.0,1083.0,1050,1125,1
2008,1,3,4,75.0,65.0,46.0,337,4.0,9.0,1306.0,1260,1335,1
2008,1,3,4,75.0,64.0,31.0,337,4.0,9.0,1201.0,1170,1245,1
2008,1,3,4,75.0,63.0,27.0,337,4.0,11.0,1107.0,1080,1155,1
2008,1,3,4,75.0,64.0,34.0,337,6.0,5.0,1144.0,1110,1185,1
2008,1,3,4,75.0,64.0,20.0,337,5.0,8.0,890.0,870,945,1
2008,1,3,4,75.0,63.0,22.0,337,4.0,7.0,1042.0,1020,1095,1
2008,1,3,4,75.0,71.0,110.0,337,4.0,8.0,1100.0,990,1065,1
2008,1,3,4,75.0,70.0,23.0,337,13.0,7.0,983.0,960,1035,1
2008,1,3,4,75.0,67.0,8.0,337,5.0,16.0,1208.0,1200,1275,1
2008,1,3,4,75.0,65.0,1.0,337,4.0,12.0,781.0,780,855,0
2008,1,3,4,80.0,60.0,1.0,337,2.0,8.0,361.0,360,440,0
2008,1,3,4,75.0,62.0,8.0,337,3.0,8.0,488.0,480,555,0
2008,1,3,4,75.0,63.0,6.0,337,4.0,15.0,726.0,720,795,0
2008,1,3,4,75.0,62.0,0.0,337,5.0,9.0,420.0,420,495,0
2008,1,3,4,75.0,56.0,9.0,370,5.0,9.0,969.0,960,1095,0
2008,1,3,4,75.0,52.0,46.0,370,6.0,7.0,1091.0,1045,1180,1
2008,1,3,4,75.0,56.0,0.0,370,7.0,16.0,495.0,495,630,0
2008,1,3,4,75.0,51.0,0.0,370,4.0,10.0,360.0,360,495,0
2008,1,3,4,75.0,59.0,21.0,370,3.0,6.0,1131.0,1110,1245,0
2008,1,3,4,70.0,56.0,75.0,370,4.0,5.0,1220.0,1145,1275,1
2008,1,3,4,75.0,53.0,14.0,370,3.0,7.0,724.0,710,845,0
2008,1,3,4,70.0,53.0,36.0,370,3.0,6.0,1276.0,1240,1370,1
2008,1,3,4,75.0,52.0,76.0,370,4.0,12.0,956.0,880,1015,1
2008,1,3,4,75.0,50.0,35.0,370,4.0,7.0,640.0,605,740,1
2008,1,3,4,75.0,52.0,20.0,370,6.0,11.0,580.0,560,695,0
2008,1,3,4,75.0,53.0,44.0,370,3.0,9.0,859.0,815,950,1
2008,1,3,4,75.0,53.0,0.0,370,4.0,8.0,395.0,395,530,0
2008,1,3,4,75.0,58.0,18.0,390,4.0,8.0,1058.0,1040,1115,0
2008,1,3,4,80.0,56.0,8.0,390,5.0,6.0,533.0,525,605,0
2008,1,3,4,80.0,60.0,22.0,390,3.0,7.0,862.0,840,920,0
2008,1,3,4,165.0,141.0,9.0,1210,3.0,12.0,719.0,710,995,0
2008,1,3,4,85.0,61.0,-2.0,337,4.0,16.0,428.0,430,515,0
2008,1,3,4,80.0,65.0,206.0,337,6.0,6.0,1401.0,1195,1275,1
2008,1,3,4,85.0,70.0,123.0,337,5.0,16.0,1208.0,1085,1170,1
2008,1,3,4,80.0,67.0,115.0,337,3.0,13.0,985.0,870,950,1
2008,1,3,4,80.0,63.0,135.0,337,5.0,8.0,785.0,650,730,1
2008,1,3,4,80.0,60.0,193.0,337,7.0,4.0,958.0,765,845,1
2008,1,3,4,65.0,54.0,65.0,308,5.0,15.0,960.0,895,960,1
2008,1,3,4,65.0,53.0,31.0,308,3.0,13.0,956.0,925,990,1
2008,1,3,4,65.0,56.0,56.0,308,5.0,6.0,1256.0,1200,1265,1
2008,1,3,4,65.0,51.0,1.0,308,4.0,9.0,376.0,375,440,0
2008,1,3,4,65.0,48.0,29.0,308,5.0,7.0,719.0,690,755,1
2008,1,3,4,65.0,54.0,65.0,308,6.0,9.0,1300.0,1235,1300,1
2008,1,3,4,65.0,49.0,30.0,308,5.0,8.0,895.0,865,930,1
2008,1,3,4,65.0,48.0,-2.0,308,3.0,6.0,548.0,550,615,0
2008,1,3,4,65.0,49.0,60.0,308,3.0,7.0,1165.0,1105,1170,1
2008,1,3,4,70.0,49.0,0.0,308,4.0,5.0,460.0,460,530,0
2008,1,3,4,70.0,53.0,31.0,308,4.0,6.0,791.0,760,830,1
2008,1,3,4,65.0,51.0,14.0,308,4.0,11.0,614.0,600,665,0
2008,1,3,4,65.0,55.0,9.0,308,4.0,7.0,1029.0,1020,1085,0
2008,1,3,4,105.0,79.0,27.0,590,3.0,7.0,837.0,810,975,0
2008,1,3,4,105.0,80.0,29.0,590,3.0,10.0,674.0,645,810,0
2008,1,3,4,110.0,81.0,2.0,590,6.0,7.0,412.0,410,580,0
2008,1,3,4,105.0,84.0,67.0,590,4.0,10.0,1277.0,1210,1375,1
2008,1,3,4,105.0,82.0,52.0,590,4.0,13.0,1062.0,1010,1175,1
2008,1,3,4,80.0,59.0,8.0,373,5.0,14.0,668.0,660,740,0
2008,1,3,4,80.0,59.0,11.0,373,5.0,11.0,501.0,490,570,0
2008,1,3,4,75.0,58.0,63.0,373,3.0,7.0,1213.0,1150,1225,1
2008,1,3,4,85.0,55.0,-1.0,373,5.0,13.0,369.0,370,455,0
2008,1,3,4,80.0,61.0,49.0,373,5.0,8.0,589.0,540,620,1
2008,1,3,4,80.0,58.0,50.0,373,3.0,5.0,1335.0,1285,1365,1
2008,1,3,4,75.0,59.0,19.0,373,4.0,7.0,924.0,905,980,0
2008,1,3,4,80.0,56.0,51.0,373,4.0,8.0,881.0,830,910,1
2008,1,3,4,75.0,59.0,28.0,373,4.0,7.0,1063.0,1035,1110,1
2008,1,3,4,80.0,62.0,14.0,373,6.0,7.0,1249.0,1235,1315,0
2008,1,3,4,210.0,179.0,30.0,1593,4.0,10.0,1045.0,1015,1345,0
2008,1,3,4,75.0,60.0,11.0,451,3.0,9.0,836.0,825,960,0
2008,1,3,4,75.0,61.0,75.0,451,3.0,10.0,1205.0,1130,1265,1
2008,1,3,4,75.0,59.0,0.0,451,2.0,5.0,445.0,445,580,0
2008,1,3,4,75.0,60.0,3.0,451,3.0,7.0,1018.0,1015,1150,0
2008,1,3,4,80.0,60.0,12.0,451,4.0,5.0,652.0,640,780,0
2008,1,3,4,80.0,61.0,30.0,451,5.0,10.0,1270.0,1240,1380,1
2008,1,3,4,65.0,48.0,0.0,289,29.0,9.0,1150.0,1150,1155,1
2008,1,3,4,65.0,47.0,40.0,341,4.0,5.0,1105.0,1065,1130,1
2008,1,3,4,65.0,47.0,-3.0,341,3.0,10.0,412.0,415,480,0
2008,1,3,4,60.0,49.0,0.0,293,3.0,8.0,520.0,520,580,0
2008,1,3,4,60.0,49.0,6.0,293,3.0,11.0,616.0,610,670,0
2008,1,3,4,60.0,50.0,22.0,293,2.0,7.0,842.0,820,880,1
2008,1,3,4,60.0,48.0,12.0,293,3.0,5.0,1012.0,1000,1060,0
2008,1,3,4,60.0,47.0,-4.0,293,3.0,9.0,371.0,375,435,0
2008,1,3,4,60.0,47.0,10.0,293,5.0,6.0,1105.0,1095,1155,0
2008,1,3,4,60.0,50.0,41.0,293,3.0,6.0,966.0,925,985,1
2008,1,3,4,60.0,41.0,-3.0,293,3.0,11.0,1207.0,1210,1270,0
2008,1,3,4,60.0,45.0,0.0,295,3.0,7.0,555.0,555,555,0
2008,1,3,4,135.0,116.0,-3.0,775,4.0,9.0,712.0,715,730,0
2008,1,3,4,130.0,121.0,64.0,912,3.0,8.0,1014.0,950,1140,1
2008,1,3,4,65.0,48.0,-2.0,296,3.0,14.0,423.0,425,490,0
2008,1,3,4,65.0,49.0,16.0,296,3.0,6.0,916.0,900,965,0
2008,1,3,4,65.0,49.0,47.0,296,4.0,9.0,1072.0,1025,1090,1
2008,1,3,4,65.0,48.0,16.0,296,3.0,6.0,771.0,755,820,0
2008,1,3,4,65.0,49.0,8.0,296,3.0,6.0,668.0,660,725,0
2008,1,3,4,65.0,49.0,39.0,296,3.0,6.0,1229.0,1190,1255,1
2008,1,3,4,65.0,49.0,1.0,296,6.0,8.0,486.0,485,550,0
2008,1,3,4,85.0,71.0,12.0,393,2.0,5.0,857.0,845,930,0
2008,1,3,4,210.0,188.0,9.0,1295,5.0,8.0,799.0,790,880,0
2008,1,3,4,100.0,82.0,16.0,544,25.0,8.0,651.0,635,735,1
2008,1,3,4,195.0,167.0,0.0,1136,4.0,12.0,450.0,450,585,0
2008,1,3,4,65.0,53.0,31.0,296,4.0,8.0,1126.0,1095,1160,1
2008,1,3,4,65.0,51.0,2.0,296,4.0,15.0,402.0,400,465,0
2008,1,3,4,65.0,56.0,285.0,332,4.0,8.0,975.0,690,695,1
2008,1,3,4,60.0,42.0,-5.0,294,3.0,7.0,450.0,455,515,0
2008,1,3,4,55.0,40.0,22.0,294,3.0,7.0,1132.0,1110,1165,0
2008,1,3,4,60.0,46.0,27.0,319,3.0,10.0,962.0,935,995,1
2008,1,3,4,60.0,46.0,31.0,319,3.0,5.0,1116.0,1085,1145,1
2008,1,3,4,60.0,46.0,11.0,319,2.0,12.0,1196.0,1185,1245,0
2008,1,3,4,60.0,53.0,29.0,319,2.0,7.0,584.0,555,615,1
2008,1,3,4,60.0,45.0,-5.0,319,4.0,9.0,385.0,390,450,0
2008,1,3,4,60.0,47.0,1.0,319,4.0,7.0,786.0,785,845,0
2008,1,3,4,75.0,61.0,-3.0,441,2.0,9.0,422.0,425,500,0
2008,1,3,4,75.0,57.0,95.0,441,2.0,7.0,985.0,890,965,1
2008,1,3,4,140.0,123.0,9.0,796,4.0,12.0,1059.0,1050,1070,0
2008,1,3,4,130.0,106.0,15.0,718,5.0,14.0,1145.0,1130,1200,0
2008,1,3,4,130.0,102.0,6.0,718,4.0,8.0,536.0,530,600,0
2008,1,3,4,85.0,68.0,1.0,491,3.0,10.0,491.0,490,575,0
2008,1,3,4,80.0,69.0,9.0,491,5.0,12.0,719.0,710,790,0
2008,1,3,4,80.0,65.0,15.0,491,11.0,14.0,1290.0,1275,1355,1
2008,1,3,4,85.0,68.0,-2.0,491,5.0,8.0,1028.0,1030,1115,0
2008,1,3,4,140.0,128.0,1.0,967,7.0,11.0,406.0,405,605,0
2008,1,3,4,140.0,125.0,14.0,967,9.0,8.0,844.0,830,1030,0
2008,1,3,4,140.0,118.0,28.0,967,5.0,9.0,1198.0,1170,1370,1
2008,1,3,4,95.0,71.0,1.0,461,4.0,9.0,446.0,445,540,0
2008,1,3,4,90.0,71.0,27.0,461,4.0,10.0,577.0,550,640,1
2008,1,3,4,90.0,70.0,16.0,461,4.0,10.0,771.0,755,845,0
2008,1,3,4,90.0,70.0,59.0,461,2.0,11.0,1209.0,1150,1240,1
2008,1,3,4,90.0,69.0,-3.0,461,3.0,10.0,962.0,965,1055,0
2008,1,3,4,90.0,67.0,2.0,461,4.0,12.0,1262.0,1260,1350,0
2008,1,3,4,110.0,84.0,6.0,533,6.0,11.0,661.0,655,705,0
2008,1,3,4,105.0,88.0,22.0,533,6.0,8.0,1157.0,1135,1180,1
2008,1,3,4,105.0,83.0,22.0,533,5.0,10.0,902.0,880,925,0
2008,1,3,4,110.0,83.0,13.0,533,9.0,11.0,403.0,390,440,0
2008,1,3,4,80.0,63.0,28.0,451,8.0,10.0,638.0,610,750,1
2008,1,3,4,80.0,61.0,30.0,451,9.0,10.0,1160.0,1130,1270,1
2008,1,3,4,195.0,168.0,9.0,1140,4.0,10.0,869.0,860,935,0
2008,1,3,4,190.0,167.0,1.0,1140,27.0,8.0,731.0,730,800,0
2008,1,3,4,190.0,164.0,36.0,1140,6.0,9.0,1081.0,1045,1115,1
2008,1,3,4,195.0,162.0,30.0,1140,3.0,9.0,445.0,415,490,0
2008,1,3,4,190.0,163.0,3.0,1140,5.0,12.0,543.0,540,610,0
2008,1,3,4,190.0,174.0,-4.0,1140,20.0,11.0,1216.0,1220,1290,0
2008,1,3,4,225.0,200.0,31.0,1363,18.0,9.0,1071.0,1040,1145,1
2008,1,3,4,225.0,196.0,10.0,1363,10.0,11.0,405.0,395,500,0
2008,1,3,4,225.0,203.0,23.0,1363,6.0,11.0,918.0,895,1000,0
2008,1,3,4,220.0,195.0,4.0,1363,12.0,10.0,629.0,625,725,0
2008,1,3,4,155.0,135.0,32.0,1072,5.0,11.0,1162.0,1130,1345,1
2008,1,3,4,160.0,136.0,7.0,1072,6.0,11.0,772.0,765,985,0
2008,1,3,4,165.0,134.0,18.0,1072,6.0,10.0,443.0,425,650,0
2008,1,3,4,80.0,62.0,5.0,405,5.0,12.0,950.0,945,1025,0
2008,1,3,4,75.0,60.0,89.0,405,5.0,9.0,1349.0,1260,1335,1
2008,1,3,4,80.0,64.0,13.0,405,5.0,11.0,528.0,515,595,0
2008,1,3,4,80.0,62.0,6.0,405,10.0,11.0,1091.0,1085,1165,0
2008,1,3,4,80.0,66.0,18.0,405,8.0,12.0,628.0,610,690,1
2008,1,3,4,80.0,59.0,2.0,405,6.0,21.0,377.0,375,455,0
2008,1,3,4,80.0,61.0,-3.0,405,7.0,13.0,432.0,435,515,0
2008,1,3,4,80.0,56.0,0.0,405,5.0,8.0,810.0,810,890,0
2008,1,3,4,80.0,62.0,1.0,405,5.0,11.0,991.0,990,1070,0
2008,1,3,4,75.0,63.0,0.0,405,4.0,12.0,870.0,870,945,0
2008,1,3,4,80.0,60.0,0.0,405,20.0,9.0,735.0,735,815,0
2008,1,3,4,80.0,60.0,39.0,405,20.0,9.0,1214.0,1175,1255,1
2008,1,3,4,240.0,216.0,1.0,1489,4.0,10.0,541.0,540,660,0
2008,1,3,4,245.0,228.0,18.0,1489,5.0,8.0,948.0,930,1055,0
2008,1,3,4,70.0,49.0,1.0,313,4.0,15.0,381.0,380,450,0
2008,1,3,4,65.0,50.0,10.0,313,2.0,10.0,690.0,680,745,0
2008,1,3,4,70.0,50.0,10.0,313,4.0,10.0,1295.0,1285,1355,0
2008,1,3,4,70.0,47.0,64.0,313,19.0,8.0,1084.0,1020,1090,1
2008,1,3,4,235.0,214.0,39.0,1481,4.0,8.0,789.0,750,865,1
2008,1,3,4,185.0,151.0,14.0,1044,4.0,10.0,414.0,400,525,0
2008,1,3,4,175.0,160.0,9.0,1044,5.0,10.0,1004.0,995,1110,0
2008,1,3,4,175.0,162.0,63.0,1044,5.0,13.0,1288.0,1225,1340,1
2008,1,3,4,175.0,154.0,23.0,1044,5.0,8.0,668.0,645,760,0
2008,1,3,4,215.0,203.0,-1.0,1333,20.0,7.0,1014.0,1015,1110,0
2008,1,3,4,220.0,187.0,16.0,1333,12.0,7.0,491.0,475,575,0
2008,1,3,4,250.0,214.0,48.0,1489,3.0,9.0,918.0,870,1000,1
2008,1,3,4,235.0,208.0,21.0,1442,5.0,10.0,1151.0,1130,1245,0
2008,1,3,4,55.0,37.0,0.0,237,3.0,12.0,385.0,385,440,0
2008,1,3,4,55.0,37.0,47.0,237,4.0,10.0,937.0,890,945,1
2008,1,3,4,55.0,36.0,17.0,237,4.0,12.0,1237.0,1220,1275,0
2008,1,3,4,55.0,36.0,-4.0,237,4.0,7.0,541.0,545,600,0
2008,1,3,4,55.0,36.0,54.0,237,5.0,8.0,1169.0,1115,1170,1
2008,1,3,4,55.0,39.0,2.0,237,3.0,10.0,722.0,720,775,0
2008,1,3,4,155.0,129.0,2.0,1048,4.0,12.0,847.0,845,1060,0
2008,1,3,4,150.0,131.0,13.0,1048,4.0,12.0,498.0,485,695,0
2008,1,3,4,55.0,37.0,85.0,223,4.0,15.0,965.0,880,935,1
2008,1,3,4,55.0,37.0,32.0,223,3.0,10.0,662.0,630,685,1
2008,1,3,4,55.0,36.0,51.0,223,3.0,9.0,1141.0,1090,1145,1
2008,1,3,4,250.0,221.0,46.0,1552,5.0,11.0,811.0,765,895,1
2008,1,3,4,250.0,216.0,5.0,1552,4.0,22.0,490.0,485,615,0
2008,1,3,4,160.0,148.0,7.0,1073,4.0,9.0,1202.0,1195,1355,0
2008,1,3,4,160.0,149.0,17.0,1073,11.0,10.0,797.0,780,940,1
2008,1,3,4,160.0,156.0,2.0,1073,2.0,13.0,512.0,510,670,0
2008,1,3,4,180.0,149.0,15.0,993,5.0,11.0,795.0,780,900,0
2008,1,3,4,155.0,148.0,3.0,1050,4.0,9.0,1008.0,1005,1160,0
2008,1,3,4,155.0,155.0,27.0,1050,4.0,11.0,657.0,630,785,1
2008,1,3,4,160.0,145.0,4.0,1050,5.0,13.0,449.0,445,605,0
2008,1,3,4,95.0,74.0,12.0,478,2.0,14.0,447.0,435,470,0
2008,1,3,4,95.0,78.0,10.0,478,3.0,9.0,1025.0,1015,1050,0
2008,1,3,4,95.0,78.0,26.0,478,3.0,12.0,801.0,775,810,1
2008,1,3,4,120.0,96.0,7.0,616,6.0,12.0,622.0,615,675,0
2008,1,3,4,115.0,91.0,0.0,616,5.0,11.0,1125.0,1125,1180,0
2008,1,3,4,120.0,96.0,4.0,616,4.0,14.0,844.0,840,900,0
2008,1,3,4,120.0,97.0,25.0,616,5.0,13.0,1060.0,1035,1095,1
2008,1,3,4,115.0,94.0,13.0,616,3.0,13.0,403.0,390,445,0
2008,1,3,4,155.0,147.0,6.0,1011,3.0,12.0,416.0,410,565,0
2008,1,3,4,155.0,142.0,1.0,1011,3.0,9.0,886.0,885,1040,0
2008,1,3,4,155.0,133.0,21.0,1011,3.0,8.0,1171.0,1150,1305,0
2008,1,3,4,125.0,114.0,4.0,787,5.0,11.0,404.0,400,525,0
2008,1,3,4,125.0,118.0,2.0,787,4.0,15.0,572.0,570,695,0
2008,1,3,4,125.0,106.0,-4.0,787,4.0,12.0,1201.0,1205,1330,0
2008,1,3,4,125.0,117.0,10.0,787,3.0,10.0,450.0,440,565,0
2008,1,3,4,130.0,109.0,17.0,787,3.0,10.0,1047.0,1030,1160,0
2008,1,3,4,130.0,113.0,79.0,787,1.0,14.0,1154.0,1075,1205,1
2008,1,3,4,125.0,111.0,11.0,787,4.0,13.0,826.0,815,940,0
2008,1,3,4,125.0,115.0,6.0,787,21.0,8.0,906.0,900,1025,1
2008,1,3,4,125.0,118.0,10.0,787,5.0,10.0,635.0,625,750,0
2008,1,3,4,145.0,128.0,-2.0,895,6.0,13.0,918.0,920,1065,0
2008,1,3,4,145.0,130.0,14.0,895,5.0,11.0,684.0,670,815,0
2008,1,3,4,135.0,126.0,4.0,802,4.0,13.0,434.0,430,565,0
2008,1,3,4,135.0,113.0,18.0,802,5.0,17.0,1168.0,1150,1285,0
2008,1,3,4,135.0,114.0,6.0,802,3.0,11.0,816.0,810,945,0
2008,1,3,4,255.0,225.0,19.0,1545,5.0,10.0,944.0,925,1060,0
2008,1,3,4,250.0,210.0,5.0,1545,8.0,12.0,425.0,420,550,0
2008,1,3,4,160.0,147.0,14.0,957,9.0,18.0,669.0,655,815,1
2008,1,3,4,160.0,137.0,29.0,957,4.0,7.0,1014.0,985,1145,0
2008,1,3,4,60.0,39.0,8.0,178,4.0,12.0,1263.0,1255,1315,0
2008,1,3,4,60.0,41.0,67.0,178,3.0,12.0,1197.0,1130,1190,1
2008,1,3,4,60.0,35.0,3.0,178,7.0,12.0,808.0,805,865,0
2008,1,3,4,60.0,39.0,22.0,178,6.0,16.0,612.0,590,650,1
2008,1,3,4,55.0,34.0,0.0,178,6.0,14.0,435.0,435,490,0
2008,1,3,4,60.0,39.0,13.0,178,7.0,11.0,1033.0,1020,1080,0
2008,1,3,4,160.0,132.0,7.0,848,3.0,13.0,382.0,375,475,0
2008,1,3,4,160.0,130.0,49.0,848,2.0,8.0,909.0,860,960,1
2008,1,3,4,160.0,134.0,20.0,848,3.0,11.0,660.0,640,740,0
2008,1,3,4,160.0,134.0,26.0,848,4.0,18.0,1086.0,1060,1160,1
2008,1,3,4,160.0,131.0,20.0,848,4.0,14.0,1265.0,1245,1345,0
2008,1,3,4,130.0,120.0,9.0,758,5.0,12.0,489.0,480,610,0
2008,1,3,4,125.0,111.0,14.0,758,4.0,18.0,754.0,740,865,1
2008,1,3,4,145.0,123.0,-1.0,828,8.0,11.0,699.0,700,845,0
2008,1,3,4,145.0,126.0,32.0,828,8.0,23.0,1152.0,1120,1265,1
2008,1,3,4,145.0,131.0,30.0,972,4.0,9.0,1260.0,1230,1375,1
2008,1,3,4,145.0,134.0,12.0,972,4.0,9.0,962.0,950,1095,0
2008,1,3,4,145.0,136.0,2.0,972,4.0,12.0,527.0,525,670,0
2008,1,3,4,150.0,139.0,3.0,972,5.0,10.0,663.0,660,810,0
2008,1,3,4,145.0,130.0,62.0,972,4.0,9.0,1182.0,1120,1265,1
2008,1,3,4,145.0,135.0,75.0,972,5.0,8.0,910.0,835,980,1
2008,1,3,4,115.0,91.0,32.0,587,4.0,11.0,1002.0,970,1025,1
2008,1,3,4,315.0,291.0,9.0,2039,7.0,14.0,624.0,615,750,0
2008,1,3,4,185.0,156.0,48.0,1072,2.0,18.0,763.0,715,840,1
2008,1,3,4,185.0,157.0,9.0,1072,4.0,11.0,989.0,980,1105,0
2008,1,3,4,180.0,162.0,12.0,1072,4.0,11.0,402.0,390,510,0
2008,1,3,4,170.0,150.0,67.0,989,6.0,13.0,1092.0,1025,1135,1
2008,1,3,4,170.0,140.0,35.0,989,7.0,15.0,1120.0,1085,1195,1
2008,1,3,4,170.0,152.0,7.0,989,7.0,16.0,382.0,375,485,0
2008,1,3,4,170.0,149.0,80.0,989,17.0,14.0,655.0,575,685,1
2008,1,3,4,170.0,146.0,3.0,989,3.0,16.0,503.0,500,610,0
2008,1,3,4,170.0,151.0,0.0,989,7.0,13.0,910.0,910,1020,0
2008,1,3,4,165.0,146.0,4.0,989,34.0,10.0,734.0,730,835,1
2008,1,3,4,165.0,138.0,61.0,989,7.0,7.0,1326.0,1265,1370,1
2008,1,3,4,170.0,171.0,1.0,1142,3.0,8.0,756.0,755,925,0
2008,1,3,4,170.0,153.0,16.0,1142,3.0,10.0,1081.0,1065,1235,0
2008,1,3,4,165.0,154.0,6.0,1142,4.0,16.0,396.0,390,555,0
2008,1,3,4,165.0,148.0,23.0,1142,4.0,12.0,1268.0,1245,1410,1
2008,1,3,4,170.0,175.0,-1.0,1142,4.0,9.0,634.0,635,805,0
2008,1,3,4,115.0,87.0,5.0,550,3.0,10.0,995.0,990,1045,0
2008,1,3,4,115.0,90.0,14.0,550,4.0,20.0,469.0,455,510,0
2008,1,3,4,115.0,84.0,-2.0,550,6.0,17.0,628.0,630,685,0
2008,1,3,4,115.0,85.0,10.0,550,7.0,12.0,1170.0,1160,1215,0
2008,1,3,4,110.0,96.0,11.0,655,4.0,13.0,596.0,585,695,0
2008,1,3,4,110.0,92.0,24.0,655,5.0,13.0,924.0,900,1010,1
2008,1,3,4,155.0,124.0,18.0,861,9.0,11.0,1053.0,1035,1190,0
2008,1,3,4,150.0,129.0,6.0,861,4.0,9.0,861.0,855,1005,0
2008,1,3,4,145.0,134.0,22.0,861,4.0,15.0,697.0,675,820,1
2008,1,3,4,145.0,137.0,-1.0,861,4.0,10.0,559.0,560,705,0
2008,1,3,4,150.0,128.0,60.0,861,3.0,10.0,830.0,770,920,1
2008,1,3,4,145.0,118.0,-1.0,861,4.0,9.0,1264.0,1265,1410,0
2008,1,3,4,155.0,127.0,5.0,861,5.0,12.0,910.0,905,1060,0
2008,1,3,4,300.0,276.0,70.0,1848,8.0,14.0,1050.0,980,1160,1
2008,1,3,4,140.0,111.0,6.0,834,7.0,12.0,1241.0,1235,1375,0
2008,1,3,4,135.0,124.0,2.0,834,7.0,9.0,572.0,570,705,0
2008,1,3,4,135.0,122.0,8.0,834,6.0,8.0,753.0,745,880,0
2008,1,3,4,160.0,136.0,0.0,1073,3.0,12.0,1275.0,1275,1435,0
2008,1,3,4,155.0,155.0,-2.0,1073,6.0,9.0,868.0,870,1025,0
2008,1,3,4,160.0,147.0,2.0,1073,4.0,13.0,592.0,590,750,0
2008,1,3,4,160.0,143.0,4.0,1073,3.0,11.0,1079.0,1075,1235,0
2008,1,3,4,160.0,139.0,10.0,1073,4.0,13.0,405.0,395,555,0
2008,1,3,4,160.0,146.0,1.0,1073,4.0,10.0,706.0,705,865,0
2008,1,3,4,95.0,81.0,1.0,534,10.0,13.0,431.0,430,525,0
2008,1,3,4,100.0,77.0,14.0,534,3.0,9.0,1214.0,1200,1300,0
2008,1,3,4,95.0,82.0,10.0,534,3.0,9.0,605.0,595,690,0
2008,1,3,4,100.0,77.0,14.0,534,12.0,9.0,954.0,940,1040,0
2008,1,3,4,50.0,35.0,18.0,133,3.0,9.0,613.0,595,645,0
2008,1,3,4,45.0,30.0,38.0,133,4.0,10.0,1303.0,1265,1310,1
2008,1,3,4,50.0,31.0,8.0,133,2.0,13.0,803.0,795,845,0
2008,1,3,4,50.0,33.0,8.0,133,3.0,16.0,1083.0,1075,1125,0
2008,1,3,4,185.0,153.0,0.0,1040,3.0,20.0,630.0,630,755,0
2008,1,3,4,185.0,161.0,13.0,1040,4.0,11.0,918.0,905,1030,0
2008,1,3,4,130.0,107.0,6.0,718,3.0,13.0,591.0,585,715,0
2008,1,3,4,130.0,105.0,15.0,718,20.0,10.0,880.0,865,995,1
2008,1,3,4,155.0,131.0,24.0,880,3.0,10.0,794.0,770,865,0
2008,1,3,4,160.0,135.0,7.0,880,3.0,9.0,472.0,465,565,0
2008,1,3,4,155.0,122.0,115.0,880,3.0,11.0,1350.0,1235,1330,1
2008,1,3,4,155.0,127.0,54.0,880,4.0,13.0,989.0,935,1030,1
2008,1,3,4,185.0,159.0,2.0,1121,3.0,17.0,552.0,550,675,0
2008,1,3,4,190.0,158.0,35.0,1121,4.0,14.0,985.0,950,1080,1
2008,1,3,4,105.0,97.0,31.0,717,4.0,9.0,651.0,620,785,1
2008,1,3,4,110.0,90.0,101.0,717,5.0,21.0,1266.0,1165,1335,1
2008,1,3,4,165.0,128.0,14.0,972,5.0,12.0,479.0,465,630,0
2008,1,3,4,165.0,125.0,88.0,972,4.0,7.0,1233.0,1145,1310,1
2008,1,3,4,120.0,100.0,30.0,777,8.0,10.0,1170.0,1140,1320,1
2008,1,3,4,115.0,100.0,33.0,777,5.0,12.0,863.0,830,1005,1
2008,1,3,4,100.0,72.0,22.0,570,2.0,9.0,637.0,615,715,0
2008,1,3,4,100.0,81.0,173.0,570,3.0,6.0,1358.0,1185,1285,1
2008,1,3,4,80.0,54.0,20.0,395,4.0,10.0,1095.0,1075,1155,0
2008,1,3,4,75.0,57.0,4.0,395,5.0,6.0,634.0,630,705,0
2008,1,3,4,80.0,56.0,30.0,395,5.0,8.0,510.0,480,560,1
2008,1,3,4,75.0,60.0,37.0,395,5.0,6.0,767.0,730,805,1
2008,1,3,4,80.0,55.0,7.0,395,4.0,13.0,947.0,940,1020,0
2008,1,3,4,80.0,60.0,81.0,395,4.0,9.0,1316.0,1235,1315,1
2008,1,3,4,75.0,54.0,71.0,395,4.0,13.0,1341.0,1270,1345,1
2008,1,3,4,75.0,55.0,23.0,395,6.0,22.0,398.0,375,450,1
2008,1,3,4,80.0,65.0,19.0,468,4.0,10.0,519.0,500,640,0
2008,1,3,4,80.0,66.0,37.0,468,2.0,6.0,812.0,775,915,1
2008,1,3,4,80.0,65.0,62.0,468,3.0,16.0,1257.0,1195,1335,1
2008,1,3,4,105.0,73.0,224.0,611,4.0,6.0,1414.0,1190,1355,1
2008,1,3,4,105.0,88.0,38.0,611,4.0,7.0,818.0,780,945,1
2008,1,3,4,105.0,87.0,18.0,611,3.0,9.0,933.0,915,1080,0
2008,1,3,4,105.0,90.0,12.0,611,4.0,11.0,1047.0,1035,1200,0
2008,1,3,4,105.0,88.0,14.0,611,3.0,10.0,544.0,530,695,0
2008,1,3,4,105.0,86.0,35.0,611,3.0,9.0,670.0,635,800,1
2008,1,3,4,100.0,78.0,80.0,611,4.0,8.0,1365.0,1285,5,1
2008,1,3,4,105.0,86.0,2.0,611,11.0,12.0,362.0,360,525,0
2008,1,3,4,70.0,52.0,22.0,307,6.0,7.0,1127.0,1105,1235,0
2008,1,3,4,65.0,48.0,69.0,307,6.0,9.0,1334.0,1265,1390,1
2008,1,3,4,65.0,50.0,69.0,307,8.0,33.0,569.0,500,625,1
2008,1,3,4,70.0,47.0,27.0,307,4.0,10.0,722.0,695,825,0
2008,1,3,4,70.0,48.0,77.0,307,7.0,13.0,927.0,850,980,1
2008,1,3,4,65.0,61.0,1.0,307,6.0,16.0,361.0,360,485,1
2008,1,3,4,75.0,54.0,181.0,307,6.0,12.0,1141.0,960,1095,1
2008,1,3,4,65.0,45.0,0.0,284,3.0,8.0,655.0,655,780,0
2008,1,3,4,65.0,43.0,17.0,284,4.0,11.0,1217.0,1200,1325,0
2008,1,3,4,60.0,39.0,101.0,284,3.0,8.0,1396.0,1295,1415,1
2008,1,3,4,65.0,47.0,1.0,284,5.0,8.0,541.0,540,665,0
2008,1,3,4,60.0,49.0,22.0,284,5.0,7.0,397.0,375,495,1
2008,1,3,4,65.0,47.0,8.0,284,5.0,12.0,988.0,980,1105,0
2008,1,3,4,65.0,50.0,24.0,284,2.0,8.0,829.0,805,930,1
2008,1,3,4,65.0,48.0,28.0,284,3.0,8.0,1078.0,1050,1175,1
2008,1,3,4,150.0,128.0,49.0,895,7.0,17.0,1274.0,1225,1315,1
2008,1,3,4,155.0,128.0,25.0,895,5.0,7.0,765.0,740,835,0
2008,1,3,4,155.0,127.0,16.0,895,6.0,10.0,586.0,570,665,0
2008,1,3,4,155.0,125.0,13.0,895,4.0,25.0,403.0,390,485,0
2008,1,3,4,155.0,129.0,61.0,895,6.0,9.0,926.0,865,960,1
2008,1,3,4,160.0,128.0,60.0,895,6.0,11.0,1085.0,1025,1125,1
2008,1,3,4,65.0,53.0,38.0,229,9.0,7.0,758.0,720,845,1
2008,1,3,4,60.0,45.0,19.0,229,4.0,8.0,499.0,480,600,0
2008,1,3,4,65.0,42.0,43.0,229,3.0,15.0,1148.0,1105,1230,1
2008,1,3,4,70.0,43.0,46.0,229,3.0,15.0,1016.0,970,1100,1
2008,1,3,4,65.0,52.0,20.0,229,5.0,6.0,615.0,595,720,0
2008,1,3,4,65.0,46.0,47.0,229,5.0,7.0,892.0,845,970,1
2008,1,3,4,60.0,36.0,58.0,229,7.0,12.0,1343.0,1285,1405,1
2008,1,3,4,175.0,152.0,12.0,1166,7.0,13.0,797.0,785,1020,0
2008,1,3,4,175.0,148.0,26.0,1166,5.0,8.0,1081.0,1055,1290,0
2008,1,3,4,180.0,151.0,14.0,1166,7.0,7.0,579.0,565,805,0
2008,1,3,4,175.0,142.0,95.0,1166,4.0,15.0,1290.0,1195,1430,1
2008,1,3,4,180.0,151.0,35.0,1166,5.0,14.0,425.0,390,630,1
2008,1,3,4,165.0,133.0,27.0,937,4.0,10.0,427.0,400,565,0
2008,1,3,4,165.0,123.0,51.0,937,4.0,16.0,1266.0,1215,1380,1
2008,1,3,4,165.0,130.0,56.0,937,4.0,12.0,556.0,500,665,1
2008,1,3,4,165.0,129.0,30.0,937,3.0,13.0,885.0,855,1020,0
2008,1,3,4,165.0,135.0,34.0,937,3.0,9.0,709.0,675,840,0
2008,1,3,4,165.0,130.0,10.0,937,3.0,11.0,1040.0,1030,1195,0
2008,1,3,4,100.0,73.0,67.0,577,5.0,12.0,1337.0,1270,1430,1
2008,1,3,4,100.0,79.0,3.0,577,6.0,14.0,1013.0,1010,1170,0
2008,1,3,4,105.0,81.0,99.0,577,5.0,15.0,944.0,845,1010,1
2008,1,3,4,105.0,79.0,5.0,577,6.0,6.0,715.0,710,875,0
2008,1,3,4,100.0,78.0,24.0,577,5.0,14.0,1179.0,1155,1315,1
2008,1,3,4,95.0,84.0,7.0,577,5.0,15.0,407.0,400,555,0
2008,1,3,4,55.0,31.0,29.0,162,7.0,11.0,1044.0,1015,1130,1
2008,1,3,4,50.0,36.0,67.0,162,6.0,13.0,1332.0,1265,1375,1
2008,1,3,4,50.0,32.0,75.0,162,8.0,19.0,850.0,775,885,1
2008,1,3,4,50.0,27.0,10.0,162,7.0,7.0,445.0,435,545,0
2008,1,3,4,120.0,114.0,88.0,765,5.0,10.0,633.0,545,725,1
2008,1,3,4,130.0,110.0,30.0,765,5.0,9.0,980.0,950,1140,1
2008,1,3,4,130.0,113.0,23.0,765,4.0,10.0,788.0,765,955,1
2008,1,3,4,125.0,98.0,25.0,765,4.0,9.0,1150.0,1125,1310,0
2008,1,3,4,120.0,90.0,236.0,666,3.0,11.0,1361.0,1125,1245,1
2008,1,3,4,115.0,87.0,60.0,666,3.0,10.0,510.0,450,565,1
2008,1,3,4,240.0,219.0,67.0,1521,5.0,15.0,1327.0,1260,1380,1
2008,1,3,4,240.0,219.0,8.0,1521,3.0,6.0,1033.0,1025,1145,0
2008,1,3,4,240.0,217.0,8.0,1521,6.0,9.0,638.0,630,750,0
2008,1,3,4,240.0,219.0,11.0,1521,32.0,16.0,961.0,950,1070,1
2008,1,3,4,240.0,214.0,10.0,1521,8.0,9.0,1215.0,1205,1325,0
2008,1,3,4,240.0,215.0,16.0,1521,4.0,6.0,736.0,720,840,0
2008,1,3,4,240.0,216.0,35.0,1521,3.0,11.0,410.0,375,495,1
2008,1,3,4,240.0,220.0,70.0,1521,5.0,11.0,530.0,460,580,1
2008,1,3,4,240.0,222.0,17.0,1521,5.0,10.0,917.0,900,1020,0
2008,1,3,4,240.0,223.0,23.0,1521,3.0,9.0,533.0,510,630,0
2008,1,3,4,240.0,218.0,46.0,1521,9.0,7.0,1211.0,1165,1285,1
2008,1,3,4,240.0,220.0,38.0,1521,4.0,8.0,908.0,870,990,1
2008,1,3,4,275.0,245.0,4.0,1750,5.0,8.0,524.0,520,675,0
2008,1,3,4,270.0,243.0,37.0,1750,11.0,11.0,452.0,415,565,1
2008,1,3,4,270.0,249.0,16.0,1750,6.0,21.0,1276.0,1260,1410,1
2008,1,3,4,270.0,256.0,33.0,1750,5.0,8.0,933.0,900,1050,1
2008,1,3,4,275.0,249.0,63.0,1750,7.0,6.0,763.0,700,855,1
2008,1,3,4,270.0,252.0,14.0,1750,5.0,10.0,854.0,840,990,0
2008,1,3,4,275.0,259.0,13.0,1750,8.0,9.0,1068.0,1055,1210,0
2008,1,3,4,105.0,78.0,60.0,544,4.0,13.0,960.0,900,1005,1
2008,1,3,4,85.0,62.0,31.0,405,5.0,11.0,466.0,435,520,1
2008,1,3,4,85.0,64.0,33.0,405,4.0,8.0,673.0,640,725,1
2008,1,3,4,85.0,66.0,72.0,405,5.0,9.0,1112.0,1040,1125,1
2008,1,3,4,85.0,64.0,97.0,405,5.0,15.0,862.0,765,850,1
2008,1,3,4,85.0,64.0,26.0,405,4.0,10.0,1321.0,1295,1380,1
2008,1,3,4,85.0,63.0,30.0,405,4.0,12.0,555.0,525,610,1
2008,1,3,4,85.0,64.0,25.0,405,4.0,9.0,590.0,565,650,0
2008,1,3,4,85.0,66.0,3.0,405,6.0,16.0,383.0,380,465,0
2008,1,3,4,85.0,65.0,12.0,405,4.0,14.0,1187.0,1175,1260,0
2008,1,3,4,85.0,64.0,2.0,405,5.0,6.0,707.0,705,790,0
2008,1,3,4,85.0,61.0,75.0,405,4.0,12.0,980.0,905,990,1
2008,1,3,4,85.0,64.0,54.0,405,4.0,10.0,1034.0,980,1065,1
2008,1,3,4,150.0,125.0,33.0,989,3.0,9.0,813.0,780,990,1
2008,1,3,4,150.0,128.0,6.0,989,8.0,11.0,381.0,375,585,0
2008,1,3,4,150.0,127.0,54.0,989,4.0,9.0,1259.0,1205,1415,1
2008,1,3,4,150.0,127.0,14.0,989,4.0,12.0,854.0,840,1050,0
2008,1,3,4,150.0,124.0,20.0,989,4.0,9.0,505.0,485,695,0
2008,1,3,4,150.0,126.0,60.0,989,3.0,6.0,680.0,620,830,1
2008,1,3,4,150.0,126.0,54.0,989,6.0,13.0,1084.0,1030,1240,1
2008,1,3,4,150.0,126.0,109.0,989,3.0,15.0,1284.0,1175,1385,1
2008,1,3,4,120.0,100.0,88.0,838,4.0,10.0,1303.0,1215,1395,1
2008,1,3,4,120.0,109.0,10.0,838,3.0,20.0,405.0,395,575,1
2008,1,3,4,125.0,106.0,44.0,838,4.0,7.0,1129.0,1085,1270,1
2008,1,3,4,120.0,105.0,32.0,838,4.0,11.0,857.0,825,1005,1
2008,1,3,4,120.0,106.0,23.0,838,3.0,7.0,663.0,640,820,1
2008,1,3,4,140.0,109.0,13.0,825,5.0,24.0,853.0,840,980,0
2008,1,3,4,285.0,265.0,49.0,1844,4.0,17.0,594.0,545,710,1
2008,1,3,4,280.0,272.0,137.0,1844,6.0,9.0,852.0,715,875,1
2008,1,3,4,280.0,265.0,67.0,1844,5.0,24.0,1277.0,1210,1370,1
2008,1,3,4,285.0,273.0,5.0,1844,18.0,22.0,995.0,990,1155,1
2008,1,3,4,285.0,272.0,73.0,1844,17.0,11.0,883.0,810,975,1
2008,1,3,4,85.0,68.0,25.0,423,2.0,7.0,620.0,595,680,0
2008,1,3,4,85.0,63.0,114.0,423,3.0,12.0,869.0,755,840,1
2008,1,3,4,85.0,68.0,66.0,423,3.0,12.0,1121.0,1055,1140,1
2008,1,3,4,85.0,66.0,9.0,423,2.0,12.0,429.0,420,505,0
2008,1,3,4,85.0,67.0,84.0,423,2.0,10.0,1359.0,1275,1360,1
2008,1,3,4,85.0,66.0,101.0,423,2.0,12.0,1061.0,960,1045,1
2008,1,3,4,115.0,98.0,15.0,704,2.0,7.0,820.0,805,980,0
2008,1,3,4,115.0,92.0,86.0,704,3.0,11.0,1241.0,1155,1330,1
2008,1,3,4,270.0,247.0,20.0,1751,5.0,9.0,535.0,515,665,0
2008,1,3,4,270.0,244.0,46.0,1751,4.0,13.0,1161.0,1115,1265,1
2008,1,3,4,130.0,91.0,8.0,668,7.0,8.0,948.0,940,1130,0
2008,1,3,4,115.0,98.0,3.0,668,6.0,17.0,393.0,390,565,0
2008,1,3,4,120.0,94.0,20.0,668,7.0,12.0,785.0,765,945,0
2008,1,3,4,120.0,90.0,122.0,668,5.0,9.0,1247.0,1125,1305,1
2008,1,3,4,130.0,86.0,57.0,668,6.0,10.0,1092.0,1035,1225,1
2008,1,3,4,115.0,95.0,18.0,668,4.0,15.0,378.0,360,535,0
2008,1,3,4,115.0,93.0,20.0,668,3.0,11.0,595.0,575,750,0
2008,1,3,4,110.0,84.0,30.0,668,4.0,10.0,1325.0,1295,25,0
2008,1,3,4,230.0,207.0,18.0,1444,6.0,8.0,513.0,495,665,0
2008,1,3,4,235.0,205.0,11.0,1444,5.0,20.0,416.0,405,580,0
2008,1,3,4,235.0,215.0,58.0,1444,5.0,14.0,968.0,910,1085,1
2008,1,3,4,230.0,215.0,76.0,1444,3.0,20.0,1286.0,1210,1380,1
2008,1,3,4,235.0,212.0,32.0,1444,6.0,8.0,1077.0,1045,1220,1
2008,1,3,4,235.0,209.0,25.0,1444,5.0,11.0,790.0,765,940,0
2008,1,3,4,225.0,212.0,64.0,1444,4.0,8.0,1354.0,1290,15,1
2008,1,3,4,230.0,208.0,28.0,1444,5.0,11.0,638.0,610,780,1
2008,1,3,4,75.0,52.0,56.0,402,3.0,9.0,1306.0,1250,1385,1
2008,1,3,4,80.0,59.0,20.0,402,6.0,7.0,470.0,450,590,0
2008,1,3,4,75.0,64.0,27.0,402,8.0,11.0,942.0,915,1050,1
2008,1,3,4,75.0,60.0,32.0,402,6.0,9.0,707.0,675,810,1
2008,1,3,4,75.0,57.0,57.0,402,4.0,6.0,1132.0,1075,1210,1
2008,1,3,4,80.0,59.0,1.0,402,7.0,17.0,381.0,380,520,0
2008,1,3,4,125.0,118.0,2.0,842,2.0,20.0,412.0,410,595,0
2008,1,3,4,125.0,104.0,84.0,842,4.0,8.0,1314.0,1230,1415,1
2008,1,3,4,125.0,108.0,18.0,842,3.0,6.0,773.0,755,940,0
2008,1,3,4,125.0,105.0,38.0,842,5.0,10.0,1133.0,1095,1280,1
2008,1,3,4,110.0,85.0,40.0,632,3.0,11.0,955.0,915,1085,1
2008,1,3,4,105.0,88.0,19.0,632,3.0,11.0,749.0,730,895,0
2008,1,3,4,100.0,81.0,43.0,632,3.0,13.0,1263.0,1220,1380,1
2008,1,3,4,105.0,79.0,21.0,632,4.0,8.0,446.0,425,590,0
2008,1,3,4,255.0,238.0,48.0,1680,5.0,8.0,923.0,875,1010,1
2008,1,3,4,170.0,135.0,2.0,1105,4.0,12.0,732.0,730,960,0
2008,1,3,4,165.0,143.0,63.0,1105,5.0,12.0,1258.0,1195,1420,1
2008,1,3,4,170.0,144.0,143.0,1105,4.0,11.0,698.0,555,785,1
2008,1,3,4,265.0,249.0,61.0,1728,3.0,9.0,821.0,760,905,1
2008,1,3,4,265.0,243.0,50.0,1728,3.0,8.0,440.0,390,535,1
2008,1,3,4,265.0,244.0,54.0,1728,3.0,8.0,554.0,500,645,1
2008,1,3,4,265.0,258.0,27.0,1728,2.0,8.0,897.0,870,1015,1
2008,1,3,4,265.0,253.0,58.0,1728,4.0,12.0,1173.0,1115,1260,1
2008,1,3,4,175.0,136.0,32.0,1036,3.0,7.0,502.0,470,645,0
2008,1,3,4,175.0,134.0,147.0,1036,3.0,17.0,1272.0,1125,1300,1
2008,1,3,4,65.0,53.0,106.0,271,5.0,9.0,1361.0,1255,1380,1
2008,1,3,4,65.0,43.0,13.0,271,3.0,19.0,398.0,385,510,0
2008,1,3,4,65.0,44.0,40.0,271,5.0,11.0,1115.0,1075,1200,1
2008,1,3,4,65.0,42.0,29.0,271,5.0,9.0,864.0,835,960,1
2008,1,3,4,65.0,46.0,15.0,271,4.0,7.0,670.0,655,780,0
2008,1,3,4,270.0,242.0,100.0,1733,4.0,16.0,1300.0,1200,1350,1
2008,1,3,4,270.0,243.0,30.0,1733,4.0,6.0,670.0,640,790,0
2008,1,3,4,270.0,247.0,29.0,1733,5.0,13.0,504.0,475,625,1
2008,1,3,4,290.0,274.0,136.0,1855,4.0,20.0,1291.0,1155,1325,1
2008,1,3,4,290.0,268.0,271.0,1855,4.0,23.0,1056.0,785,955,1
2008,1,3,4,290.0,267.0,209.0,1855,4.0,25.0,799.0,590,760,1
2008,1,3,4,285.0,260.0,49.0,1838,4.0,11.0,504.0,455,620,1
2008,1,3,4,285.0,265.0,45.0,1838,5.0,11.0,1140.0,1095,1260,1
2008,1,3,4,210.0,186.0,59.0,1258,6.0,9.0,624.0,565,715,1
2008,1,3,4,210.0,185.0,45.0,1258,4.0,14.0,1045.0,1000,1150,1
2008,1,3,4,270.0,253.0,82.0,1790,4.0,10.0,1252.0,1170,1320,1
2008,1,3,4,270.0,253.0,15.0,1790,3.0,20.0,520.0,505,655,1
2008,1,3,4,65.0,46.0,98.0,251,3.0,8.0,698.0,600,665,1
2008,1,3,4,65.0,46.0,7.0,251,4.0,8.0,1082.0,1075,1140,0
2008,1,3,4,60.0,40.0,43.0,251,3.0,8.0,1328.0,1285,1345,1
2008,1,3,4,65.0,45.0,39.0,251,4.0,14.0,1174.0,1135,1200,1
2008,1,3,4,60.0,46.0,4.0,251,3.0,13.0,454.0,450,510,0
2008,1,3,4,65.0,44.0,3.0,251,3.0,17.0,958.0,955,1020,0
2008,1,3,4,60.0,46.0,9.0,251,4.0,16.0,394.0,385,445,0
2008,1,3,4,65.0,46.0,17.0,251,3.0,10.0,502.0,485,550,0
2008,1,3,4,65.0,49.0,59.0,251,4.0,6.0,1074.0,1015,1080,1
2008,1,3,4,65.0,44.0,50.0,251,4.0,8.0,835.0,785,850,1
2008,1,3,4,155.0,127.0,26.0,997,5.0,8.0,1086.0,1060,1275,0
2008,1,3,4,155.0,126.0,26.0,997,5.0,10.0,551.0,525,740,0
2008,1,3,4,150.0,126.0,22.0,997,4.0,8.0,852.0,830,1040,0
2008,1,3,4,150.0,122.0,91.0,997,3.0,9.0,1341.0,1250,20,1
2008,1,3,4,150.0,125.0,14.0,997,4.0,9.0,394.0,380,590,0
2008,1,3,4,155.0,126.0,136.0,997,6.0,7.0,1121.0,985,1200,1
2008,1,3,4,150.0,124.0,20.0,997,4.0,6.0,660.0,640,850,0
2008,1,3,4,225.0,202.0,44.0,1440,3.0,10.0,709.0,665,830,1
2008,1,3,4,225.0,210.0,90.0,1440,4.0,12.0,1215.0,1125,1290,1
2008,1,3,4,95.0,61.0,26.0,377,4.0,8.0,736.0,710,805,0
2008,1,3,4,95.0,65.0,16.0,377,2.0,11.0,456.0,440,535,0
2008,1,3,4,95.0,66.0,-2.0,377,3.0,8.0,1138.0,1140,1235,0
2008,1,3,4,95.0,61.0,34.0,377,2.0,8.0,644.0,610,705,0
2008,1,3,4,90.0,64.0,41.0,377,3.0,9.0,1331.0,1290,1380,1
2008,1,3,4,95.0,72.0,-2.0,377,3.0,10.0,368.0,370,465,0
2008,1,3,4,90.0,65.0,0.0,377,7.0,12.0,535.0,535,625,0
2008,1,3,4,95.0,69.0,27.0,377,27.0,8.0,912.0,885,980,1
2008,1,3,4,95.0,60.0,40.0,377,5.0,10.0,1075.0,1035,1130,1
2008,1,3,4,95.0,63.0,23.0,377,4.0,11.0,978.0,955,1050,0
2008,1,3,4,90.0,61.0,59.0,377,3.0,10.0,844.0,785,875,1
2008,1,3,4,365.0,320.0,69.0,2356,5.0,9.0,474.0,405,590,1
2008,1,3,4,205.0,156.0,31.0,1142,21.0,8.0,726.0,695,900,0
2008,1,3,4,205.0,155.0,25.0,1142,7.0,8.0,605.0,580,785,0
2008,1,3,4,200.0,155.0,139.0,1142,3.0,11.0,1149.0,1010,1210,1
2008,1,3,4,205.0,153.0,1.0,1142,7.0,10.0,401.0,400,605,0
2008,1,3,4,195.0,155.0,137.0,1142,3.0,6.0,1412.0,1275,30,1
2008,1,3,4,155.0,117.0,43.0,838,6.0,10.0,648.0,605,700,1
2008,1,3,4,155.0,122.0,14.0,838,7.0,11.0,1274.0,1260,1355,0
2008,1,3,4,155.0,124.0,34.0,838,6.0,7.0,1104.0,1070,1165,0
2008,1,3,4,155.0,120.0,38.0,838,6.0,7.0,888.0,850,945,0
2008,1,3,4,160.0,120.0,7.0,838,10.0,8.0,387.0,380,480,0
2008,1,3,4,90.0,57.0,70.0,290,6.0,9.0,1060.0,990,1080,1
2008,1,3,4,90.0,61.0,7.0,290,4.0,6.0,862.0,855,945,0
2008,1,3,4,90.0,67.0,16.0,290,6.0,9.0,436.0,420,510,0
2008,1,3,4,85.0,57.0,30.0,290,7.0,11.0,590.0,560,645,1
2008,1,3,4,90.0,65.0,50.0,290,4.0,8.0,780.0,730,820,1
2008,1,3,4,90.0,59.0,9.0,290,4.0,15.0,1144.0,1135,1225,0
2008,1,3,4,355.0,320.0,17.0,2279,4.0,14.0,1012.0,995,1230,0
2008,1,3,4,210.0,164.0,111.0,1204,5.0,24.0,586.0,475,685,1
2008,1,3,4,215.0,164.0,32.0,1204,3.0,12.0,862.0,830,1045,0
2008,1,3,4,75.0,46.0,1.0,321,2.0,8.0,1161.0,1160,1235,0
2008,1,3,4,75.0,47.0,89.0,321,2.0,5.0,769.0,680,755,1
2008,1,3,4,75.0,50.0,2.0,321,2.0,7.0,482.0,480,555,0
2008,1,3,4,85.0,68.0,2.0,471,5.0,5.0,977.0,975,1060,0
2008,1,3,4,80.0,73.0,0.0,471,6.0,8.0,455.0,455,535,0
2008,1,3,4,135.0,140.0,12.0,998,2.0,5.0,517.0,505,700,1
2008,1,3,4,85.0,73.0,2.0,437,4.0,6.0,412.0,410,495,0
2008,1,3,4,85.0,74.0,-2.0,437,3.0,8.0,1063.0,1065,1150,0
2008,1,3,4,85.0,71.0,14.0,437,3.0,6.0,549.0,535,620,0
2008,1,3,4,85.0,71.0,81.0,437,5.0,6.0,986.0,905,990,1
2008,1,3,4,85.0,69.0,10.0,437,4.0,4.0,730.0,720,805,0
2008,1,3,4,85.0,73.0,2.0,437,2.0,7.0,1237.0,1235,1320,0
2008,1,3,4,100.0,92.0,6.0,673,5.0,5.0,731.0,725,885,0
2008,1,3,4,70.0,54.0,95.0,303,4.0,6.0,930.0,835,905,1
2008,1,3,4,70.0,53.0,37.0,303,2.0,4.0,1207.0,1170,1240,1
2008,1,3,4,65.0,50.0,18.0,303,3.0,6.0,1278.0,1260,1325,0
2008,1,3,4,70.0,50.0,101.0,303,3.0,4.0,796.0,695,765,1
2008,1,3,4,70.0,55.0,23.0,303,3.0,9.0,1028.0,1005,1075,1
2008,1,3,4,70.0,54.0,12.0,303,3.0,7.0,597.0,585,655,0
2008,1,3,4,70.0,52.0,2.0,303,4.0,5.0,462.0,460,530,0
2008,1,3,4,70.0,52.0,-4.0,303,3.0,4.0,1116.0,1120,1190,0
2008,1,3,4,70.0,52.0,1.0,303,3.0,5.0,546.0,545,615,0
2008,1,3,4,70.0,57.0,1.0,303,6.0,5.0,941.0,940,1010,0
2008,1,3,4,70.0,55.0,-1.0,303,4.0,7.0,389.0,390,460,0
2008,1,3,4,240.0,220.0,0.0,1501,5.0,6.0,520.0,520,640,0
2008,1,3,4,240.0,219.0,10.0,1501,4.0,4.0,1005.0,995,1115,0
2008,1,3,4,100.0,75.0,2.0,550,7.0,5.0,387.0,385,545,0
2008,1,3,4,100.0,76.0,17.0,550,7.0,6.0,857.0,840,1000,0
2008,1,3,4,95.0,76.0,12.0,550,3.0,7.0,1222.0,1210,1365,0
2008,1,3,4,100.0,75.0,2.0,550,8.0,7.0,707.0,705,865,0
2008,1,3,4,130.0,115.0,55.0,825,7.0,6.0,1060.0,1005,1135,1
2008,1,3,4,220.0,193.0,54.0,1301,5.0,6.0,804.0,750,910,1
2008,1,3,4,80.0,71.0,4.0,487,5.0,6.0,974.0,970,1110,0
2008,1,3,4,85.0,67.0,86.0,487,4.0,5.0,846.0,760,905,1
2008,1,3,4,85.0,72.0,8.0,487,4.0,5.0,398.0,390,535,0
2008,1,3,4,135.0,110.0,53.0,889,5.0,16.0,708.0,655,850,1
2008,1,3,4,135.0,109.0,1.0,889,5.0,39.0,421.0,420,615,1
2008,1,3,4,130.0,107.0,18.0,889,5.0,26.0,1178.0,1160,1350,1
2008,1,3,4,250.0,232.0,32.0,1959,5.0,13.0,712.0,680,1050,1
2008,1,3,4,90.0,66.0,41.0,511,3.0,14.0,651.0,610,760,1
2008,1,3,4,85.0,64.0,18.0,511,3.0,18.0,1193.0,1175,1320,0
2008,1,3,4,65.0,48.0,17.0,325,3.0,15.0,992.0,975,1040,0
2008,1,3,4,65.0,49.0,65.0,325,2.0,18.0,1200.0,1135,1200,1
2008,1,3,4,65.0,49.0,17.0,325,2.0,14.0,902.0,885,950,0
2008,1,3,4,65.0,49.0,54.0,325,2.0,21.0,749.0,695,760,1
2008,1,3,4,65.0,48.0,36.0,325,2.0,10.0,1251.0,1215,1280,1
2008,1,3,4,65.0,53.0,8.0,325,2.0,11.0,578.0,570,635,0
2008,1,3,4,65.0,51.0,0.0,325,2.0,16.0,420.0,420,485,0
2008,1,3,4,65.0,50.0,68.0,325,1.0,10.0,988.0,920,985,1
2008,1,3,4,65.0,50.0,-2.0,325,2.0,16.0,633.0,635,700,0
2008,1,3,4,65.0,49.0,26.0,325,2.0,14.0,1096.0,1070,1135,1
2008,1,3,4,65.0,50.0,23.0,325,2.0,10.0,763.0,740,805,1
2008,1,3,4,65.0,48.0,89.0,325,2.0,17.0,1259.0,1170,1235,1
2008,1,3,4,65.0,49.0,-2.0,325,2.0,12.0,533.0,535,600,0
2008,1,3,4,65.0,51.0,56.0,325,2.0,12.0,1306.0,1250,1315,1
2008,1,3,4,65.0,49.0,12.0,325,2.0,11.0,497.0,485,550,0
2008,1,3,4,145.0,113.0,12.0,957,13.0,10.0,802.0,790,995,0
2008,1,3,4,145.0,113.0,50.0,957,8.0,14.0,1060.0,1010,1215,1
2008,1,3,4,145.0,114.0,60.0,957,8.0,14.0,1210.0,1150,1355,1
2008,1,3,4,145.0,114.0,12.0,957,7.0,14.0,402.0,390,595,0
2008,1,3,4,145.0,117.0,16.0,957,6.0,10.0,631.0,615,820,0
2008,1,3,4,120.0,93.0,135.0,723,5.0,17.0,1315.0,1180,1300,1
2008,1,3,4,120.0,86.0,29.0,723,4.0,8.0,604.0,575,695,0
2008,1,3,4,220.0,189.0,60.0,1642,3.0,12.0,980.0,920,1260,1
2008,1,3,4,220.0,192.0,5.0,1642,2.0,11.0,655.0,650,990,0
2008,1,3,4,85.0,62.0,83.0,407,4.0,23.0,983.0,900,985,1
2008,1,3,4,85.0,63.0,74.0,407,4.0,13.0,1314.0,1240,1325,1
2008,1,3,4,85.0,64.0,37.0,407,3.0,15.0,802.0,765,850,1
2008,1,3,4,85.0,61.0,1.0,407,4.0,17.0,421.0,420,505,0
2008,1,3,4,85.0,68.0,2.0,407,5.0,11.0,612.0,610,695,0
2008,1,3,4,85.0,59.0,4.0,407,4.0,18.0,514.0,510,595,0
2008,1,3,4,80.0,61.0,74.0,407,6.0,14.0,1259.0,1185,1265,1
2008,1,3,4,85.0,65.0,-3.0,407,6.0,12.0,387.0,390,475,0
2008,1,3,4,85.0,66.0,69.0,407,8.0,13.0,904.0,835,920,1
2008,1,3,4,85.0,68.0,15.0,407,7.0,8.0,700.0,685,770,0
2008,1,3,4,85.0,65.0,35.0,407,5.0,16.0,975.0,940,1025,1
2008,1,3,4,85.0,59.0,17.0,407,20.0,23.0,1007.0,990,1075,1
2008,1,3,4,85.0,59.0,22.0,407,17.0,12.0,1302.0,1280,1365,1
2008,1,3,4,85.0,61.0,31.0,407,20.0,17.0,1096.0,1065,1150,1
2008,1,3,4,75.0,53.0,9.0,337,7.0,10.0,729.0,720,795,0
2008,1,3,4,80.0,54.0,28.0,337,6.0,14.0,568.0,540,620,1
2008,1,3,4,75.0,52.0,0.0,337,7.0,23.0,420.0,420,495,0
2008,1,3,4,75.0,52.0,21.0,337,6.0,15.0,951.0,930,1005,1
2008,1,3,4,80.0,59.0,15.0,337,7.0,17.0,1215.0,1200,1280,0
