	command	No	Time Of Day	Lap Distance	Vehicle Speed	Engine Speed	Gear	Brake	Throttle
1	$P	12	58680.453	0.17	57.360	3888	3	0	0
2	$P	12	58680.546	2.76	56.750	3943	3	0	2.5
3	$P	12	58680.63	5.35	57.530	3689	3	0	0
4	$P	12	58680.723	7.93	57.040	3976	3	0	0
5	$P	12	58680.816	10.44	58.160	3818	3	0	0.5
6	$P	12	58680.909	13.02	57.540	4186	3	0	1.5
7	$P	12	58681.070999999996	15.70	58.470	3697	3	0	2.5
8	$P	12	58681.164	18.28	58.330	3914	3	0	2
9	$P	12	58681.252	20.87	58.260	4116	3	0	2
10	$P	12	58681.425	23.55	59.630	4241	3	0	2
11	$P	12	58681.518	26.22	59.380	4057	3	0	2
