	command	No	Time Of Day	Lap Distance	Vehicle Speed	Engine Speed	Gear	Brake	Throttle
1	$P	9	58683.411	1.47	45.460	3580	2	0	7.5
2	$P	9	58683.504	3.54	45.450	3581	2	0	7.5
3	$P	9	58683.598	5.61	45.630	3635	2	0	7.5
4	$P	9	58683.691	7.59	46.010	3587	2	0	8
5	$P	9	58683.784	9.66	45.830	3619	2	0	7.5
6	$P	9	58684.039	13.71	45.300	3588	2	0	7.5
7	$P	9	58684.123	15.78	45.480	3665	2	0	7.5
8	$P	9	58684.206	17.77	45.200	3599	2	0	7.5
9	$P	9	58684.3	19.84	45.140	3559	2	0	14
10	$P	9	58684.393	21.82	45.440	3741	2	0	24.5
11	$P	9	58684.486	23.80	45.700	3351	2	0	30
12	$P	9	58684.579	25.87	45.880	3385	2	0	32
13	$P	9	58684.672	27.94	46.160	3832	2	0	35.5
