/N/u/mkpandey/tensorflow-yolov3/VOC/train/VOCdevkit/VOC2007/JPEGImages/102nd_472.jpg 352.99904000000004,306.00036,978.99968,564.00012,6 200.0,478.9998,321.99936,547.99956,6
/N/u/mkpandey/tensorflow-yolov3/VOC/train/VOCdevkit/VOC2007/JPEGImages/102nd_1274.jpg 532.0,656.00028,776.9996799999999,720.00036,6 605.0003200000001,370.00008,785.0003200000001,455.0004,6 625.00032,357.00012,781.00032,419.00003999999996,6 669.0003199999999,319.00032,825.0003199999999,387.0,6 642.0,301.99968,793.0003200000001,375.99983999999995,6 616.0,288.00035999999994,750.00064,366.00012,6 569.99936,237.99960000000004,708.9996800000001,322.99992000000003,6 565.00096,166.00032,687.00032,252.0,6 532.99968,147.00024,651.00032,223.99992,6 454.99968000000007,92.99988,583.99936,152.99964,6 378.00064000000003,96.99984,482.00064000000003,137.99952,6
/N/u/mkpandey/tensorflow-yolov3/VOC/train/VOCdevkit/VOC2007/JPEGImages/102nd_2159.jpg 369.00031999999993,306.0,1000.00064,578.00016,6
/N/u/mkpandey/tensorflow-yolov3/VOC/train/VOCdevkit/VOC2007/JPEGImages/102nd_2023.jpg 232.0,547.99992,400.0,604.00008,6 252.0,331.99992,410.00064,394.99992,6 187.99936000000002,65.99987999999999,415.99936,181.9998,6 659.00096,539.9999999999999,745.00032,596.0001599999999,6 669.00032,386.99964000000006,733.9999999999999,434.99988,6 680.99968,446.00004,756.0000000000001,496.99980000000005,6 692.0,344.00016,756.0,382.00032000000004,6 724.9996799999999,277.99992000000003,776.0,304.99992000000003,6 727.00032,256.00032000000004,778.0006400000001,283.00032000000004,6 783.0003200000001,191.00015999999997,828.0,215.99999999999997,6 744.0000000000001,177.99984,788.99968,202.99968,6 752.9996800000001,140.99975999999998,797.99936,165.9996,6 781.00032,109.00008000000001,817.00032,131.0004,6 779.00032,84.00024,812.99968,106.99992000000002,6 756.0,105.00012,786.00064,122.00004,6
/N/u/mkpandey/tensorflow-yolov3/VOC/train/VOCdevkit/VOC2007/JPEGImages/102nd_515.jpg 28.000639999999976,351.00035999999994,1226.0,717.0001199999999,6 571.99936,214.99992,674.9996800000001,268.99992,6
/N/u/mkpandey/tensorflow-yolov3/VOC/train/VOCdevkit/VOC2007/JPEGImages/102nd_460.jpg 426.0,399.9996,550.0,464.9997599999999,6 493.9993600000001,377.99999999999994,592.9996800000001,436.00031999999993,6 622.0,374.99976000000004,746.0,439.99992,6 777.9993599999999,269.00028000000003,860.99968,313.0002,6 872.00064,277.99992000000003,956.00064,318.00024,6 835.9993599999999,240.99984,906.99968,285.99984,6 1009.99936,216.00036000000003,1092.9996800000001,260.00028000000003,6 890.0,220.99967999999998,961.0003200000001,265.99968,6 948.0,192.00024,1010.00064,237.00024,6
/N/u/mkpandey/tensorflow-yolov3/VOC/train/VOCdevkit/VOC2007/JPEGImages/102nd_475.jpg 332.0,330.99984,661.99936,470.99952,6 220.0,304.00019999999995,276.0,327.99996,6
/N/u/mkpandey/tensorflow-yolov3/VOC/train/VOCdevkit/VOC2007/JPEGImages/102nd_1247.jpg 912.0,281.99987999999996,1203.00032,422.99964,6 390.99967999999996,258.99984,614.0,389.99952,6 241.00032,289.99980000000005,509.00032,428.00004,6 672.99904,131.00004,898.99968,251.00028000000003,6 823.00032,92.99988000000002,1023.00032,197.99964,6 1131.00032,1.0004399999999976,1280.0,106.00019999999999,6
/N/u/mkpandey/tensorflow-yolov3/VOC/train/VOCdevkit/VOC2007/JPEGImages/102nd_2501.jpg 1013.00032,125.00027999999999,1194.99968,241.0002,6 566.9996799999999,247.99968,798.0,378.0,6 426.00064,304.0002,674.00064,447.00012,6 85.00031999999999,388.9998,346.99968,540.99972,6
/N/u/mkpandey/tensorflow-yolov3/VOC/train/VOCdevkit/VOC2007/JPEGImages/102nd_503.jpg 329.99935999999997,498.99996,492.99967999999996,599.00004,6 505.00031999999993,303.00012000000004,648.00064,387.00036,6 726.99968,299.00016,855.9993599999999,384.99984,6 716.0,99.0,831.0003199999999,162.0,6
/N/u/mkpandey/tensorflow-yolov3/VOC/train/VOCdevkit/VOC2007/JPEGImages/102nd_529.jpg 496.99967999999996,339.00012,572.0,380.99988,6 664.99968,339.00012,735.00032,383.00003999999996,6 601.0003200000001,207.0,642.0,231.99984,6 641.00032,180.00036,681.9999999999999,204.00011999999998,6 668.9996800000001,158.99976,697.99936,181.00008,6 692.99968,137.99988,723.00032,154.99979999999996,6
/N/u/mkpandey/tensorflow-yolov3/VOC/train/VOCdevkit/VOC2007/JPEGImages/102nd_2389.jpg 0.9996800000000121,592.0002,156.0,717.0001199999999,6 109.99936000000002,506.99988,348.0,636.00012,6 183.00032,432.00035999999994,375.00032,537.0001199999999,6 372.99967999999996,469.9998,569.9993599999999,581.00004,6 403.00032,373.00032,536.0,452.00016000000005,6 548.9996800000001,399.99996,689.99936,470.99987999999996,6 373.99999999999994,249.00048000000004,493.00031999999993,290.00016000000005,6 666.99968,220.00032,715.9993599999999,247.00032,6 505.9993600000001,266.99976,572.9996800000001,302.99976,6 555.99936,349.0002,671.99936,399.99996000000004,6 492.00064,331.99992,592.00064,376.99992,6 614.00064,320.00004,715.0003199999999,366.00012000000004,6 503.00032000000004,306.00035999999994,612.0,348.00012,6 606.9996799999999,288.0,682.9996799999999,319.00032,6 643.00032,262.00008,715.00032,295.99992,6 685.9993599999999,245.00016,752.99968,281.00016,6
/N/u/mkpandey/tensorflow-yolov3/VOC/train/VOCdevkit/VOC2007/JPEGImages/102nd_843.jpg 599.9993599999999,343.00007999999997,662.99968,383.99976,6
/N/u/mkpandey/tensorflow-yolov3/VOC/train/VOCdevkit/VOC2007/JPEGImages/102nd_2479.jpg 207.99936000000002,295.99992,322.0,361.00008,6 311.00032,300.00023999999996,392.99968,361.00008,6
/N/u/mkpandey/tensorflow-yolov3/VOC/train/VOCdevkit/VOC2007/JPEGImages/102nd_461.jpg 515.0003199999999,393.99984000000006,646.00064,459.0,6 480.00000000000006,355.99968,611.0003200000001,420.99984000000006,6 672.0,352.0000799999999,803.0003200000001,417.00023999999996,6 1070.99968,189.99971999999997,1146.99968,244.9998,6 1158.00064,142.99992,1206.00064,174.00024,6 1116.99968,163.9998,1180.99968,194.00004,6
/N/u/mkpandey/tensorflow-yolov3/VOC/train/VOCdevkit/VOC2007/JPEGImages/frame469.jpg 161,262,1095,520,6
/N/u/mkpandey/tensorflow-yolov3/VOC/train/VOCdevkit/VOC2007/JPEGImages/102nd_1098.jpg 628.99968,544.0003200000001,822.99904,677.00016,6 506.99968,344.00016,638.99968,427.00032000000004,6 537.00032,233.00028000000003,648.0006400000001,306.00036000000006,6 626.9996799999999,203.00004,738.0,276.00012000000004,6 748.00064,95.99976,832.00064,151.99992,6 843.0003200000001,4.9996800000000015,907.0003200000001,31.99968,6 824.99968,34.99992,888.99968,61.99992,6
/N/u/mkpandey/tensorflow-yolov3/VOC/train/VOCdevkit/VOC2007/JPEGImages/102nd_842.jpg 520.0,359.00028,750.00064,439.00019999999995,6
/N/u/mkpandey/tensorflow-yolov3/VOC/train/VOCdevkit/VOC2007/JPEGImages/102nd_916.jpg 410.00000000000006,344.99952,681.0003200000001,483.99984,6
/N/u/mkpandey/tensorflow-yolov3/VOC/train/VOCdevkit/VOC2007/JPEGImages/102nd_2054.jpg 726.9996799999999,332.00028000000003,1038.0,529.0002000000001,6 692.9996799999999,150.00011999999998,985.99936,342.00036,6 668.0,0.9997199999999964,928.9996800000001,127.9998,6
/N/u/mkpandey/tensorflow-yolov3/VOC/train/VOCdevkit/VOC2007/JPEGImages/102nd_531.jpg 579.00032,452.99988,787.00032,546.00012,6 864.99968,349.0002,1010.99904,411.00012,6
/N/u/mkpandey/tensorflow-yolov3/VOC/train/VOCdevkit/VOC2007/JPEGImages/102nd_831.jpg 0.9996799999999979,406.9998,151.00032,515.99988,6 712.00064,267.99984,812.00064,317.00016,6 763.0003199999999,239.0004,851.0003199999999,289.00008,6 825.00032,209.99988000000002,881.9999999999999,235.9998,6 892.99968,161.00028000000003,929.9993599999999,176.00004,6
/N/u/mkpandey/tensorflow-yolov3/VOC/train/VOCdevkit/VOC2007/JPEGImages/102nd_2015.jpg 0.9996799999999979,636.99984,68.0,704.00016,6 8.0,571.0003200000001,97.99936,621.0,6 30.000640000000004,533.00016,120.0,582.99984,6 89.00096,497.00016,179.00032,546.99984,6 121.00096,453.00023999999996,211.00032,502.99992,6 204.00064000000003,393.99983999999995,282.0,441.0,6 588.00064,468.0,666.0,515.00016,6 607.9993599999999,439.99956000000003,681.9999999999999,478.9998,6 595.99936,425.99988,670.0,465.00012,6 630.99968,404.99964,705.00032,443.99987999999996,6 608.99904,386.99964,682.99968,425.99987999999996,6 609.9999999999999,357.00012,684.0006399999999,396.00035999999994,6 643.00032,305.99964,705.00096,335.99987999999996,6 660.99968,295.99956000000003,723.00032,325.9998,6 664.99968,277.99956,727.00032,307.99979999999994,6 668.99968,250.00019999999998,731.00032,280.00043999999997,6 655.9999999999999,239.00003999999998,718.0006399999999,269.00028,6 676.99968,225.99972,739.00032,255.99996000000002,6 681.9993600000001,192.99996,744.0000000000001,223.0002,6 684.99968,178.99956,747.00032,208.99980000000002,6 688.99968,161.99964,751.00032,191.99988000000002,6 731.00032,153.99971999999997,793.00096,183.99996,6 709.99936,133.00019999999998,772.0,163.00044,6 472.99968,144.0,520.99968,171.0,6
/N/u/mkpandey/tensorflow-yolov3/VOC/train/VOCdevkit/VOC2007/JPEGImages/102nd_840.jpg 475.99999999999994,289.99980000000005,760.9996799999999,486.99972,6
/N/u/mkpandey/tensorflow-yolov3/VOC/train/VOCdevkit/VOC2007/JPEGImages/102nd_467.jpg 733.00032,288.0,749.9999999999999,303.99983999999995,6 770.0,311.99976,785.0003200000001,325.00007999999997,6 808.99968,319.99968,832.99968,337.99968,6
/N/u/mkpandey/tensorflow-yolov3/VOC/train/VOCdevkit/VOC2007/JPEGImages/102nd_498.jpg 1100.9996800000001,322.00020000000006,1161.99936,352.00044,6 514.9996800000001,331.0002,818.0,449.00028000000003,6
/N/u/mkpandey/tensorflow-yolov3/VOC/train/VOCdevkit/VOC2007/JPEGImages/102nd_2656.jpg 6.0,496.9998,130.0,583.99956,6 228.00063999999998,411.99984000000006,373.00032,483.99984000000006,6 354.99968,382.99968,491.99936,450.0,6 672.0,293.00003999999996,776.0,352.9998,6 728.0,279.0,832.0,328.99968,6 778.00064,244.00008,860.0,291.00024,6 840.99968,210.99996000000002,930.99904,252.99972,6 861.99936,190.00008,932.0,226.00008,6 952.00064,142.0002,1017.0003199999999,190.00044000000003,6 1034.00064,119.99988,1119.0003199999999,165.99996000000002,6 1206.9996800000001,107.99999999999999,1274.9996800000001,144.0,6
/N/u/mkpandey/tensorflow-yolov3/VOC/train/VOCdevkit/VOC2007/JPEGImages/102nd_520.jpg 526.0000000000001,425.00016,614.99968,461.00016,6 544.9996799999999,380.99987999999996,620.0,415.99979999999994,6 587.0003199999999,336.00024,654.00064,367.99992000000003,6 609.9993599999999,318.99996,660.99968,342.99972,6 602.9996799999999,289.9998,666.0,317.99988,6 587.99936,268.0002,639.99936,289.00043999999997,6 566.0,202.99968,598.9996799999999,222.99984,6
/N/u/mkpandey/tensorflow-yolov3/VOC/train/VOCdevkit/VOC2007/JPEGImages/102nd_1999.jpg 576.99904,333.0,754.99968,441.0,6 463.00032,315.99972,552.99968,354.99996,6 399.00032,297.99972,460.0,327.99996,6 494.00000000000006,300.00023999999996,557.0003200000001,331.99992,6 361.99936,283.99967999999996,396.99968,303.99984,6 220.00064,276.99984,261.00032,299.00016,6 111.00031999999999,278.99964,172.0,308.99987999999996,6 3.000320000000002,286.00019999999995,52.99968,323.00028,6
/N/u/mkpandey/tensorflow-yolov3/VOC/train/VOCdevkit/VOC2007/JPEGImages/102nd_482.jpg 789.99936,308.99987999999996,840.9996800000001,332.99964,6 796.0006400000001,414.0,874.0000000000001,456.99983999999995,6 728.0,349.99956,793.99936,379.99979999999994,6 703.9993599999999,416.9998800000001,774.99968,465.00012000000004,6 655.00096,446.99976000000004,733.00032,489.9996,6 778.0,297.0,820.00064,319.99968,6 825.00032,272.99988,861.00032,289.9998,6
/N/u/mkpandey/tensorflow-yolov3/VOC/train/VOCdevkit/VOC2007/JPEGImages/102nd_844.jpg 529.99936,272.00015999999994,825.99936,405.0,6
/N/u/mkpandey/tensorflow-yolov3/VOC/train/VOCdevkit/VOC2007/JPEGImages/102nd_451.jpg 505.99999999999994,379.00044,801.0003199999999,619.0002,6 422.0,365.99976000000004,509.00032,417.9996,6 402.00064000000003,357.00012000000004,450.00064000000003,378.00036,6
/N/u/mkpandey/tensorflow-yolov3/VOC/train/VOCdevkit/VOC2007/JPEGImages/102nd_846.jpg 590.0,229.99967999999996,947.99936,445.99967999999996,6 923.00032,105.00012,1252.99968,236.99988000000002,6
/N/u/mkpandey/tensorflow-yolov3/VOC/train/VOCdevkit/VOC2007/JPEGImages/102nd_1217.jpg 389.00032,524.00016,695.00096,720.0,6 424.0,291.99996000000004,673.99936,461.99988,6
/N/u/mkpandey/tensorflow-yolov3/VOC/train/VOCdevkit/VOC2007/JPEGImages/102nd_2158.jpg 452.99968,229.99967999999998,1083.00032,675.0,6
/N/u/mkpandey/tensorflow-yolov3/VOC/train/VOCdevkit/VOC2007/JPEGImages/102nd_487.jpg 152.0,390.99996,235.00032,430.00019999999995,6 305.00032,397.9998,386.0,425.99988,6 430.00064,399.9996,496.0,428.99976000000004,6 747.00032,402.99984000000006,795.00032,427.99968,6 922.0,401.99976000000004,990.0,426.9996,6
/N/u/mkpandey/tensorflow-yolov3/VOC/train/VOCdevkit/VOC2007/JPEGImages/102nd_2655.jpg 235.99936000000002,435.00023999999996,354.99968,505.00008,6 1.000320000000002,517.00032,90.0,598.00032,6 390.00064000000003,385.0002,499.00032000000004,451.00043999999997,6 452.0,371.00016000000005,556.0,423.0,6 617.00032,318.9996,705.9999999999999,365.99976000000004,6 627.9993599999999,277.99992000000003,714.99968,327.99960000000004,6 670.0,264.99996000000004,746.0,304.0002,6 765.00032,231.00012,850.99968,279.00036,6 875.0003200000001,210.00024000000002,955.0003200000001,255.00024000000002,6 954.99968,209.00015999999997,1042.0,249.99983999999998,6 1079.9999999999998,208.00044000000003,1174.00064,250.0002,6 1193.99936,200.99988000000002,1276.9996800000001,240.00012000000004,6
/N/u/mkpandey/tensorflow-yolov3/VOC/train/VOCdevkit/VOC2007/JPEGImages/102nd_848.jpg 400.99968,187.99992,992.99968,509.99976000000004,6
/N/u/mkpandey/tensorflow-yolov3/VOC/train/VOCdevkit/VOC2007/JPEGImages/102nd_512.jpg 138.0,297.0,337.00032,369.0,6 843.00032,382.00032000000004,1203.00032,472.00032000000004,6
/N/u/mkpandey/tensorflow-yolov3/VOC/train/VOCdevkit/VOC2007/JPEGImages/102nd_2013.jpg 1.000319999999995,651.00024,104.00064,707.0004,6 67.00031999999999,580.9996799999999,171.00032,636.99984,6 98.0,538.99992,185.00032,583.99992,6 102.99968000000001,499.99968,190.0,544.99968,6 158.0,472.99967999999996,245.00032,517.9996799999999,6 182.0,444.00023999999996,269.00032,489.00023999999996,6 272.99968,384.00012,301.99936,421.0002,6 411.99936,261.0,454.0,285.99983999999995,6 414.0,236.99987999999996,462.99968,267.00012,6 489.99999999999994,168.00011999999998,538.9996799999999,198.00036,6 706.0,169.0002,754.9996799999999,199.00044000000003,6 726.0,191.99987999999996,774.9996799999999,222.00011999999998,6 697.00032,197.99964,745.9999999999999,227.99988000000002,6 705.0003200000001,214.99956,754.0,244.99980000000002,6 717.00032,228.99996,765.9999999999999,259.0002,6 697.00032,239.00003999999998,745.9999999999999,269.00028,6 692.00064,268.0002,741.0003199999999,298.00043999999997,6 664.0006400000001,277.99956,713.00032,307.99979999999994,6 684.0006400000001,290.99988,733.00032,321.00012,6 680.00064,316.9998,729.0003199999999,347.00003999999996,6 664.0006400000001,331.0002,713.00032,361.00043999999997,6 649.00032,345.99996,697.9999999999999,376.00019999999995,6 621.00032,389.99988,685.9999999999999,420.00012,6 626.99968,408.99996000000004,691.9993599999999,439.0002,6 642.0,423.99972,706.9996799999999,453.99996,6 652.00064,438.00012000000004,717.0003199999999,468.00036,6 616.0006400000001,449.99964,681.00032,479.99987999999996,6 617.0003200000001,469.9998,682.0,500.00003999999996,6 608.0000000000001,493.99956000000003,684.99968,532.9998,6
/N/u/mkpandey/tensorflow-yolov3/VOC/train/VOCdevkit/VOC2007/JPEGImages/102nd_490.jpg 190.99968,324.00036,305.00032,377.00028,6 421.99936,285.00012000000004,512.99968,333.00036,6 545.00032,279.0,637.00032,324.0,6 1098.0,271.00008,1169.00032,302.0004,6 878.9996799999999,275.00004,959.99936,309.99996,6
/N/u/mkpandey/tensorflow-yolov3/VOC/train/VOCdevkit/VOC2007/JPEGImages/102nd_834.jpg 458.0,301.00032,526.0,337.00032,6 480.99968,270.00000000000006,514.99904,294.99984,6
/N/u/mkpandey/tensorflow-yolov3/VOC/train/VOCdevkit/VOC2007/JPEGImages/102nd_458.jpg 1.0003200000000163,568.00008,130.0,662.9997599999999,6 148.00063999999998,485.99964000000006,301.00032,569.9998800000001,6 218.99968,454.99968,362.0,528.99984,6 390.99968,405.00000000000006,527.99936,477.00000000000006,6 508.00064000000003,331.00020000000006,621.00032,402.00012000000004,6 717.99936,265.99967999999996,816.9996799999999,321.99984,6 842.0000000000001,263.99988,930.99968,314.99964000000006,6 853.0003199999999,190.9998,934.0,232.99955999999997,6 1066.9996800000001,127.99980000000001,1144.99904,162.99972000000002,6 1205.00032,107.00028,1278.0,140.00004,6
/N/u/mkpandey/tensorflow-yolov3/VOC/train/VOCdevkit/VOC2007/JPEGImages/102nd_1299.jpg 0.9996799999999837,609.99984,236.0,720.0,6 1002.9996800000001,163.00008,1147.99936,248.00039999999998,6 861.0003199999999,285.99984,1006.0,371.00016,6 862.0,223.99992000000003,1006.9996799999999,309.00024,6 663.9993599999999,281.00016,814.99968,366.00048,6 546.9996799999999,256.99968,707.99936,348.99984000000006,6
/N/u/mkpandey/tensorflow-yolov3/VOC/train/VOCdevkit/VOC2007/JPEGImages/102nd_473.jpg 207.00032000000007,398.99988,548.0,546.00012,6
/N/u/mkpandey/tensorflow-yolov3/VOC/train/VOCdevkit/VOC2007/JPEGImages/ff273.jpg 465.00032000000004,374.99976000000004,632.00064,446.99976000000004,6 618.0,364.99968000000007,737.0003200000001,441.00000000000006,6 711.99936,356.99976,854.9996800000001,433.00007999999997,6 404.99968,355.99967999999996,475.00032,395.99999999999994,6 483.99935999999997,357.00048,546.99968,389.00016,6 447.00032,344.00016,498.00064,375.99984,6
/N/u/mkpandey/tensorflow-yolov3/VOC/train/VOCdevkit/VOC2007/JPEGImages/102nd_2014.jpg 20.999680000000012,617.0004,120.0,678.00024,6 56.99967999999999,569.99988,148.0,615.99996,6 68.0,539.00028,159.00032,585.00036,6 124.99967999999998,497.99987999999996,215.99999999999997,543.99996,6 156.99968,464.00004,248.0,510.00012000000004,6 240.0,401.99976,316.99968,446.99976,6 486.99968,171.0,530.99968,202.99968,6 721.00032,185.00004,765.00032,204.00012000000004,6 714.99968,167.00003999999998,758.99968,186.00012,6 738.99968,198.99971999999997,782.99968,217.9998,6 702.9996799999999,204.00012,746.9996799999999,223.00020000000004,6 694.0,216.99972,738.0,235.99980000000002,6 694.0,242.99964,738.0,261.99972,6 702.9996799999999,226.99979999999996,746.9996799999999,245.99988,6 686.0,264.00023999999996,738.0,293.0004,6 662.0,274.99968,714.0,303.99984000000006,6 674.99968,286.99992,726.99968,316.00008,6 671.99936,318.00023999999996,723.99936,347.0004,6 665.00032,334.00007999999997,717.00032,363.00024,6 648.00064,344.00016,700.00064,373.00032000000004,6 614.99968,388.00044,678.0000000000001,421.00020000000006,6 614.0,413.0002799999999,677.0003200000001,446.00003999999996,6 630.9996799999999,419.00003999999996,694.0,451.9998,6 642.9996799999999,437.00003999999996,706.0,469.9998,6 609.00032,457.00019999999995,672.0006400000001,489.99996,6 615.9993599999999,471.99995999999993,678.99968,504.99971999999997,6 600.0,503.0002799999999,675.0003200000001,536.0000399999999,6
/N/u/mkpandey/tensorflow-yolov3/VOC/train/VOCdevkit/VOC2007/JPEGImages/102nd_1300.jpg 1118.99968,206.99964,1279.9993599999998,324.99972,6 723.00032,204.99984,972.99968,317.00016,6 640.0,282.00023999999996,940.9996799999999,415.00008,6 787.0003200000001,320.99976000000004,1083.00032,457.99992,6
/N/u/mkpandey/tensorflow-yolov3/VOC/train/VOCdevkit/VOC2007/JPEGImages/102nd_837.jpg 497.99999999999994,250.99992000000003,970.9996799999999,448.99992000000003,6
/N/u/mkpandey/tensorflow-yolov3/VOC/train/VOCdevkit/VOC2007/JPEGImages/102nd_1084.jpg 434.99968,366.99983999999995,918.99968,526.99968,6
/N/u/mkpandey/tensorflow-yolov3/VOC/train/VOCdevkit/VOC2007/JPEGImages/102nd_1155.jpg 771.0003200000001,94.99968000000001,1280.0,402.99984,6 286.00064,290.00015999999994,926.00064,634.00032,6 1100.00064,1.0000800000000005,1280.00064,64.00008,6
/N/u/mkpandey/tensorflow-yolov3/VOC/train/VOCdevkit/VOC2007/JPEGImages/102nd_424.jpg 515.99936,336.00024,650.9996800000001,383.00040000000007,6 578.9996800000001,321.00048,699.99936,362.00016,6 645.9993599999999,311.99976,752.99968,352.00007999999997,6 2.0,212.99975999999998,74.99968,248.99975999999998,6 40.0,214.99992,128.0,246.00024,6 108.0,203.0004,184.99968,235.00008000000003,6
/N/u/mkpandey/tensorflow-yolov3/VOC/train/VOCdevkit/VOC2007/JPEGImages/102nd_832.jpg 653.0003199999999,311.0004,774.0,372.00023999999996,6 810.99968,280.00008,907.9993599999999,329.99976000000004,6 938.0006400000001,240.99983999999998,999.00032,265.99967999999996,6
/N/u/mkpandey/tensorflow-yolov3/VOC/train/VOCdevkit/VOC2007/JPEGImages/102nd_496.jpg 435.99999999999994,281.99952,808.9996799999999,429.99984,6 88.00064,266.0004,140.00064,291.00023999999996,6 45.000319999999995,262.99980000000005,70.0,275.00004,6
/N/u/mkpandey/tensorflow-yolov3/VOC/train/VOCdevkit/VOC2007/JPEGImages/102nd_1277.jpg 524.9996800000001,356.0004,641.99936,424.00008,6 698.00064,344.00016,815.0003199999999,411.99984,6 631.0003200000001,290.00016,748.0,357.99984,6 814.0006400000001,297.0,931.00032,364.99968,6 944.0,285.00048,1060.99968,353.00016,6 823.00032,236.00016,939.9999999999999,303.99984,6 812.9996800000001,182.99987999999996,892.9996800000001,231.00011999999998,6 794.00064,168.00011999999998,874.00064,216.00036,6 831.00032,114.00012,888.99968,149.00004,6 808.0,104.00004000000001,865.99936,138.99996000000002,6 806.0006400000001,42.000119999999995,859.00032,68.00004,6 770.00064,24.000119999999995,823.0003199999999,50.00004,6
/N/u/mkpandey/tensorflow-yolov3/VOC/train/VOCdevkit/VOC2007/JPEGImages/frame878.jpg 143,126,775,373,6 706,115,953,236,6 782,242,1280,718,6
/N/u/mkpandey/tensorflow-yolov3/VOC/train/VOCdevkit/VOC2007/JPEGImages/102nd_2622.jpg 52.000639999999976,355.99968000000007,1200.00064,720.0,6 556.9996799999999,153.00000000000003,712.0,243.00000000000003,6
/N/u/mkpandey/tensorflow-yolov3/VOC/train/VOCdevkit/VOC2007/JPEGImages/102nd_2021.jpg 638.99968,509.00004,718.0000000000001,561.99996,6 718.0,449.00028000000003,797.0003200000001,502.0002,6 642.9996799999999,434.99988,722.0,487.9998,6 672.99968,382.00032000000004,744.99968,427.00032000000004,6 808.0,394.99992,880.0,439.99992,6 772.99968,346.00032,844.99968,391.00032,6 680.00064,339.99983999999995,748.00064,380.99951999999996,6 729.00096,282.99996,779.00032,308.99987999999996,6 731.00032,264.99996,780.99968,290.99987999999996,6 728.0000000000001,205.0002,777.9993600000001,231.00011999999998,6 746.99968,195.00011999999998,795.9993599999999,216.00036,6 750.0,158.00004,798.9996799999999,179.00028000000003,6 757.00032,128.99988,805.9999999999999,150.00012,6 810.0,108.99972000000001,849.0003200000001,127.99980000000001,6 770.9996799999999,106.0002,810.0,125.00028,6 214.0,506.99987999999996,466.0,604.9997999999999,6 198.0,55.000080000000004,406.99968,160.99992,6 250.99968,135.99972000000002,475.99936,199.9998,6
/N/u/mkpandey/tensorflow-yolov3/VOC/train/VOCdevkit/VOC2007/JPEGImages/102nd_917.jpg 557.9993600000001,360.0,788.0000000000001,524.00016,6
/N/u/mkpandey/tensorflow-yolov3/VOC/train/VOCdevkit/VOC2007/JPEGImages/102nd_462.jpg 383.00031999999993,239.99975999999998,756.0,406.00007999999997,6
/N/u/mkpandey/tensorflow-yolov3/VOC/train/VOCdevkit/VOC2007/JPEGImages/102nd_1097.jpg 330.99968,436.00032,523.99936,562.00032,6 436.00064000000003,283.99968,629.0003200000001,409.99968,6 622.0006400000001,165.00024000000002,768.0000000000001,266.0004,6 774.0006399999999,159.00011999999998,919.9999999999999,259.0002,6 851.99936,21.00024,966.0,70.99992,6
/N/u/mkpandey/tensorflow-yolov3/VOC/train/VOCdevkit/VOC2007/JPEGImages/102nd_1111.jpg 204.99968,450.99972,513.99936,640.9998,6 434.0006399999999,329.0004,719.0003199999999,471.0002400000001,6 488.00000000000006,228.00024,772.9996800000001,370.00008,6 657.00032,131.0004,941.00032,273.00024,6 1070.9996800000001,14.999759999999995,1279.99936,158.99975999999998,6
/N/u/mkpandey/tensorflow-yolov3/VOC/train/VOCdevkit/VOC2007/JPEGImages/102nd_2596.jpg 1067.00032,7.000200000000007,1280.0,408.99996,6 712.0,63.00000000000006,1249.99936,470.00016,6 250.00063999999986,152.00028000000003,1023.00032,565.0002,6
/N/u/mkpandey/tensorflow-yolov3/VOC/train/VOCdevkit/VOC2007/JPEGImages/102nd_508.jpg 182.0,382.00032,320.00064,436.00032,6 238.00063999999998,352.9998,320.0,389.99988,6 359.00032000000004,360.0,436.00000000000006,400.00032,6 526.9996799999999,360.99972,582.0,386.99964,6 702.0006399999999,360.99972,751.9999999999999,379.99980000000005,6 978.0006400000001,362.00016000000005,1039.00032,378.0,6 1096.9996800000001,357.00012,1149.99936,371.99988,6
/N/u/mkpandey/tensorflow-yolov3/VOC/train/VOCdevkit/VOC2007/JPEGImages/102nd_521.jpg 588.0,432.0,668.0,474.99983999999995,6 602.0006400000001,396.00036,663.00032,422.00028,6 642.0006400000001,339.00012,703.00032,367.0002,6 671.9999999999999,318.99996,731.00032,342.99972,6 674.0006400000001,290.00016,727.00032,317.00016,6 676.0006400000001,264.9996,725.00032,284.99976000000004,6 656.0,180.99972,680.0,192.99996000000002,6 740.99968,148.00032,772.99968,162.0,6
/N/u/mkpandey/tensorflow-yolov3/VOC/train/VOCdevkit/VOC2007/JPEGImages/102nd_1275.jpg 556.9996800000001,358.99956000000003,704.0,442.9998,6 632.0,343.9998,772.9996799999999,425.99988,6 774.0006400000001,300.99996,923.00032,389.99987999999996,6 682.0006400000001,296.99964,828.0000000000001,369.99972,6 660.0000000000001,237.99996,776.99968,317.99987999999996,6 589.0003199999999,169.0002,705.0003199999999,244.00044000000003,6 621.00032,149.00004,719.00096,210.99996,6 593.0003200000001,96.00048,682.0,146.00016,6 562.00064,92.00016,644.0,126.0,6 461.00032,4.000320000000002,542.0,31.000320000000002,6
/N/u/mkpandey/tensorflow-yolov3/VOC/train/VOCdevkit/VOC2007/JPEGImages/102nd_499.jpg 578.00064,292.00032,762.00064,378.0,6 736.0,246.00024000000002,888.0,322.99992000000003,6
/N/u/mkpandey/tensorflow-yolov3/VOC/train/VOCdevkit/VOC2007/JPEGImages/102nd_477.jpg 119.00031999999997,453.00023999999996,250.00063999999998,525.00024,6 300.0,426.99996,416.99968,488.99987999999996,6 383.00032,407.00015999999994,504.99968,465.99983999999995,6 609.0003200000001,365.99976,706.0,412.99992000000003,6 761.0003200000001,331.99992,850.0,376.99992,6 859.0003200000001,315.00036,931.0003200000001,350.00028,6 922.0006400000001,289.9998,983.00032,324.99971999999997,6 967.0003199999999,272.00016000000005,1026.00064,312.00048000000004,6 1020.0000000000001,260.00028,1082.0006400000002,293.00004,6 1080.00064,237.00024000000002,1148.00064,273.00024,6 1215.9993599999998,219.00024,1278.99968,250.99992,6
/N/u/mkpandey/tensorflow-yolov3/VOC/train/VOCdevkit/VOC2007/JPEGImages/102nd_841.jpg 534.0,302.00004000000007,773.0003199999999,431.00028000000003,6
/N/u/mkpandey/tensorflow-yolov3/VOC/train/VOCdevkit/VOC2007/JPEGImages/102nd_468.jpg 218.00064000000003,488.00016,319.00032000000004,537.00048,6 162.99967999999998,492.00048,230.99967999999998,533.0001599999999,6 398.99904,505.00007999999997,428.99967999999996,518.0004,6 515.9999999999999,506.99952,543.00032,519.9998400000001,6
/N/u/mkpandey/tensorflow-yolov3/VOC/train/VOCdevkit/VOC2007/JPEGImages/102nd_525.jpg 449.99936,411.00012000000004,524.99968,459.00036,6 473.00032,346.99968,533.00032,378.0,6 551.99936,282.99996,594.0,302.00004,6 616.99968,257.00040000000007,656.99968,282.00024,6 666.0006400000001,230.0004,695.00032,246.00024000000002,6 649.00032,212.00004000000004,675.00096,228.99996000000002,6
/N/u/mkpandey/tensorflow-yolov3/VOC/train/VOCdevkit/VOC2007/JPEGImages/102nd_455.jpg 196.00064,265.00032000000004,517.00032,409.00032000000004,6 612.00064,356.99976,648.00064,379.00007999999997,6 656.99968,357.99984,687.00032,371.00016,6 751.99936,358.0002,787.99936,370.00043999999997,6 808.99968,357.99983999999995,842.99904,371.99951999999996,6 862.0000000000001,357.99984,894.99968,371.00016,6 917.99936,358.99992,940.0,370.00008,6 997.00032,356.99976,1028.00064,372.99959999999993,6 1079.00032,351.00036000000006,1122.0006400000002,368.00028000000003,6
/N/u/mkpandey/tensorflow-yolov3/VOC/train/VOCdevkit/VOC2007/JPEGImages/102nd_836.jpg 580.9996800000001,392.99976,625.99936,419.99976,6 607.0003200000001,357.00048,628.0,371.00016,6
/N/u/mkpandey/tensorflow-yolov3/VOC/train/VOCdevkit/VOC2007/JPEGImages/102nd_448.jpg 379.99999999999994,370.00043999999997,487.00031999999993,421.0002,6 312.99968,353.00015999999994,381.99936,384.99983999999995,6 491.00032,482.99976000000004,1115.00032,716.99976,6
/N/u/mkpandey/tensorflow-yolov3/VOC/train/VOCdevkit/VOC2007/JPEGImages/102nd_507.jpg 32.00063999999999,352.99980000000005,113.00032,387.99972,6 244.99968,355.00032000000004,305.99936,380.00016,6 332.99968,355.00032,393.99936,389.00015999999994,6 676.0,360.0,732.0,380.00016000000005,6 953.0003200000001,357.99983999999995,997.0003200000001,369.0,6
/N/u/mkpandey/tensorflow-yolov3/VOC/train/VOCdevkit/VOC2007/JPEGImages/102nd_509.jpg 396.0,354.9996,450.00064,383.99976000000004,6 762.99968,449.00028,1278.99968,711.00036,6 514.99968,357.00048,542.99968,371.00016,6 557.00032,355.99967999999996,585.00032,366.99984,6 636.0000000000001,356.00003999999996,656.99968,368.0002799999999,6
/N/u/mkpandey/tensorflow-yolov3/VOC/train/VOCdevkit/VOC2007/JPEGImages/102nd_471.jpg 194.00063999999998,441.99971999999997,428.0,550.9997999999999,6
/N/u/mkpandey/tensorflow-yolov3/VOC/train/VOCdevkit/VOC2007/JPEGImages/102nd_2153.jpg 430.0,210.99996,874.0,522.99972,6 1048.0,2.000159999999994,1280.0,141.00048,6
/N/u/mkpandey/tensorflow-yolov3/VOC/train/VOCdevkit/VOC2007/JPEGImages/102nd_2539.jpg 115.00031999999993,327.99996,888.0,578.99988,6 595.00032,293.0004,972.99968,525.00024,6
/N/u/mkpandey/tensorflow-yolov3/VOC/train/VOCdevkit/VOC2007/JPEGImages/102nd_483.jpg 657.0003200000001,419.0004,754.0,480.0002400000001,6 664.99968,383.00004,730.99904,422.00028,6 720.0,347.99976000000004,782.00064,392.99976000000004,6 716.99968,277.0002,760.0000000000001,303.00012,6 793.0003199999999,231.00011999999998,840.00064,250.0002,6 776.9996800000001,210.99960000000002,813.99936,232.99992,6 831.0003199999999,183.99996,863.0003199999999,198.99971999999997,6
/N/u/mkpandey/tensorflow-yolov3/VOC/train/VOCdevkit/VOC2007/JPEGImages/102nd_493.jpg 622.99968,312.99983999999995,649.00032,333.0,6
/N/u/mkpandey/tensorflow-yolov3/VOC/train/VOCdevkit/VOC2007/JPEGImages/102nd_492.jpg 548.00064,380.99988,880.00064,478.9998,6
/N/u/mkpandey/tensorflow-yolov3/VOC/train/VOCdevkit/VOC2007/JPEGImages/102nd_2055.jpg 689.00032,238.99968,1117.00032,499.99968,6 432.99968000000007,3.000239999999991,805.99936,239.0004,6
/N/u/mkpandey/tensorflow-yolov3/VOC/train/VOCdevkit/VOC2007/JPEGImages/102nd_1083.jpg 418.99968,261.99971999999997,1021.00032,595.9998,6
/N/u/mkpandey/tensorflow-yolov3/VOC/train/VOCdevkit/VOC2007/JPEGImages/102nd_918.jpg 385.00032,320.0000399999999,747.00096,539.00028,6
/N/u/mkpandey/tensorflow-yolov3/VOC/train/VOCdevkit/VOC2007/JPEGImages/102nd_417.jpg 8.0,212.99975999999995,945.99936,538.99992,6
/N/u/mkpandey/tensorflow-yolov3/VOC/train/VOCdevkit/VOC2007/JPEGImages/102nd_2052.jpg 726.0,426.00023999999996,973.0003200000001,588.00024,6 706.9996799999999,314.99999999999994,942.9996799999999,461.00016,6 757.0003199999999,186.00047999999998,977.0003199999999,335.00016,6 659.0003200000001,125.00028000000002,880.0,257.00004,6 740.99968,15.999840000000006,937.9993599999999,148.99968,6 729.9999999999999,1.999799999999997,953.00032,61.99956,6
/N/u/mkpandey/tensorflow-yolov3/VOC/train/VOCdevkit/VOC2007/JPEGImages/102nd_2595.jpg 886.0006400000001,1.9998000000000218,1280.0,324.99972,6 664.99968,99.00000000000003,1255.00032,452.00016000000005,6 282.0,171.0,982.0,558.0,6
/N/u/mkpandey/tensorflow-yolov3/VOC/train/VOCdevkit/VOC2007/JPEGImages/102nd_2155.jpg 419.00031999999993,210.99996000000007,968.0,549.99972,6
/N/u/mkpandey/tensorflow-yolov3/VOC/train/VOCdevkit/VOC2007/JPEGImages/102nd_833.jpg 586.99968,331.00019999999995,715.9993599999999,399.99996,6 828.99968,301.99968,923.00032,346.99968,6 1067.00032,249.99984,1118.0006400000002,272.99952,6
/N/u/mkpandey/tensorflow-yolov3/VOC/train/VOCdevkit/VOC2007/JPEGImages/102nd_2458.jpg 960.0,585.00036,1078.00064,665.00028,6 870.0000000000001,433.00007999999997,966.99968,482.99976,6 812.99968,452.00016000000005,929.9993599999999,506.00016000000005,6 548.99968,338.99976,638.99904,383.99976,6 541.99936,383.99976000000004,645.99936,437.99976000000004,6 330.99968,300.00024,426.0,345.00024,6 197.00095999999996,270.00036,279.00032,312.00012000000004,6 0.9996799999999979,236.00016,61.999359999999996,270.0,6
/N/u/mkpandey/tensorflow-yolov3/VOC/train/VOCdevkit/VOC2007/JPEGImages/102nd_480.jpg 0.9996800000000121,375.99983999999995,389.99936,576.0,6 512.9996799999999,286.99992,948.0,451.0000799999999,6
/N/u/mkpandey/tensorflow-yolov3/VOC/train/VOCdevkit/VOC2007/JPEGImages/102nd_510.jpg 283.00032,276.99984,353.00095999999996,310.99967999999996,6 473.00032,264.99996,533.00032,293.00004,6 534.9996799999999,269.99999999999994,590.0,290.00016,6 749.9999999999999,263.99988,797.00032,285.00012,6 865.9999999999999,258.99984,908.0006399999999,279.00000000000006,6 1018.0,250.99992000000003,1049.00032,264.99960000000004,6 1101.0003199999999,243.99972000000002,1137.0003199999999,260.99964,6
/N/u/mkpandey/tensorflow-yolov3/VOC/train/VOCdevkit/VOC2007/JPEGImages/102nd_426.jpg 538.99968,374.99976000000004,616.99904,408.9996,6 497.00032,365.00003999999996,573.00032,402.00012,6 432.00064000000003,372.0002400000001,500.00064000000003,406.00008,6 839.00032,266.0004,882.0006400000001,291.00023999999996,6 788.9996800000001,265.99968,836.9996800000001,288.0,6 763.00032,257.00004,812.99968,280.99980000000005,6
/N/u/mkpandey/tensorflow-yolov3/VOC/train/VOCdevkit/VOC2007/JPEGImages/102nd_915.jpg 270.00000000000006,324.00036,853.0003200000001,519.0001199999999,6
/N/u/mkpandey/tensorflow-yolov3/VOC/train/VOCdevkit/VOC2007/JPEGImages/102nd_838.jpg 512.0,251.00028000000003,884.9996800000001,457.0002,6
/N/u/mkpandey/tensorflow-yolov3/VOC/train/VOCdevkit/VOC2007/JPEGImages/102nd_919.jpg 193.00032,353.00016,461.00032,510.00048,6 539.00032,252.99972000000002,787.00032,381.99996,6
/N/u/mkpandey/tensorflow-yolov3/VOC/train/VOCdevkit/VOC2007/JPEGImages/102nd_2286.jpg 434.0,347.99976,727.99936,500.99976,6 1170.00064,280.00008,1223.0003199999999,304.99992,6 1019.0003199999999,280.9998,1078.00064,306.99971999999997,6 882.0006400000001,282.9996,943.00032,311.99976000000004,6 701.0003200000001,283.00032,769.0003200000001,319.00032,6 369.00032,270.99972,456.00064,327.99996,6 434.00064,284.00004,540.0,350.00028,6 501.99936,278.00028,565.99936,324.00036,6 546.99968,280.00007999999997,595.9993599999999,311.99976,6
/N/u/mkpandey/tensorflow-yolov3/VOC/train/VOCdevkit/VOC2007/JPEGImages/102nd_920.jpg 526.0,227.00015999999997,893.0003200000001,423.0,6 0.9996800000000121,412.00020000000006,208.99968,629.0002800000001,6
/N/u/mkpandey/tensorflow-yolov3/VOC/train/VOCdevkit/VOC2007/JPEGImages/102nd_495.jpg 109.00031999999999,269.99964,188.00063999999998,299.99987999999996,6 41.999359999999996,260.00028000000003,76.99968,279.00036000000006,6
/N/u/mkpandey/tensorflow-yolov3/VOC/train/VOCdevkit/VOC2007/JPEGImages/102nd_2182.jpg 534.00064,325.00008,808.0,478.00008,6 546.0,253.00044,807.99936,367.0002,6 461.00032,157.99967999999996,719.00096,303.99984,6 612.00064,99.99971999999998,856.00064,242.99964,6
/N/u/mkpandey/tensorflow-yolov3/VOC/train/VOCdevkit/VOC2007/JPEGImages/102nd_2735.jpg 384.99967999999996,439.99992000000003,514.9990399999999,516.9996,6 508.0,386.00028,626.00064,446.00004,6 683.00032,310.99968,788.99968,369.0,6 852.0000000000001,275.00003999999996,960.99968,330.00012,6
/N/u/mkpandey/tensorflow-yolov3/VOC/train/VOCdevkit/VOC2007/JPEGImages/102nd_489.jpg 515.00096,412.0002,697.00032,530.00028,6 474.00064000000003,379.00043999999997,546.00064,412.0002,6 585.0003200000001,363.00023999999996,618.0,381.00023999999996,6 604.9996800000001,468.00035999999994,1008.0,717.0001199999999,6 671.00032,365.00004000000007,706.0006400000001,381.99996000000004,6
/N/u/mkpandey/tensorflow-yolov3/VOC/train/VOCdevkit/VOC2007/JPEGImages/102nd_2157.jpg 351.9999999999999,184.99967999999998,982.0006399999999,630.0,6
/N/u/mkpandey/tensorflow-yolov3/VOC/train/VOCdevkit/VOC2007/JPEGImages/102nd_422.jpg 418.99968,380.99988,458.0,426.99996000000004,6 472.00064,389.00016,510.0,427.00032000000004,6 526.0,404.00028,571.99936,437.00004,6 366.00064000000003,306.00036,403.00032000000004,339.00012000000004,6 410.00064000000003,321.00012,442.00064000000003,344.99988,6 465.99999999999994,325.00008,498.99967999999996,347.0004,6 405.00032000000004,260.99963999999994,430.00000000000006,279.99971999999997,6 442.99967999999996,269.99999999999994,467.99935999999997,290.00016,6 481.99935999999997,277.99992,505.99935999999997,298.00008,6 493.00032,223.0002,521.00032,242.00028000000003,6
/N/u/mkpandey/tensorflow-yolov3/VOC/train/VOCdevkit/VOC2007/JPEGImages/102nd_463.jpg 733.9999999999999,164.00015999999997,1280.0006399999997,456.00048000000004,6
/N/u/mkpandey/tensorflow-yolov3/VOC/train/VOCdevkit/VOC2007/JPEGImages/102nd_506.jpg 512.99968,382.00031999999993,714.99904,476.99999999999994,6 720.0006400000001,361.9998,905.00032,450.99971999999997,6
/N/u/mkpandey/tensorflow-yolov3/VOC/train/VOCdevkit/VOC2007/JPEGImages/102nd_2546.jpg 206.99968,245.00016000000002,1041.00032,526.00032,6 262.99968,589.9996800000001,706.99968,720.0,6
/N/u/mkpandey/tensorflow-yolov3/VOC/train/VOCdevkit/VOC2007/JPEGImages/102nd_466.jpg 674.9996800000001,404.99964000000006,715.99936,425.99988,6 754.99968,338.99976000000004,781.00032,361.00008,6
/N/u/mkpandey/tensorflow-yolov3/VOC/train/VOCdevkit/VOC2007/JPEGImages/102nd_513.jpg 570.00064,289.00007999999997,594.00064,309.00024,6 558.0,266.99976,578.0,280.00007999999997,6
/N/u/mkpandey/tensorflow-yolov3/VOC/train/VOCdevkit/VOC2007/JPEGImages/102nd_478.jpg 181.00032,455.0004,321.00032,525.0002400000001,6 345.99999999999994,417.00024,458.99967999999996,473.00040000000007,6 465.00032,402.00012,554.0,452.99988,6 767.9999999999999,338.00004,859.00032,381.99996,6 955.00032,299.00016,1027.00032,346.00032000000004,6 1024.99968,279.0,1095.00032,317.00016000000005,6 1138.0,255.99996,1202.99968,290.99987999999996,6 1205.0003199999999,240.99983999999998,1268.00064,270.0,6
/N/u/mkpandey/tensorflow-yolov3/VOC/train/VOCdevkit/VOC2007/JPEGImages/102nd_522.jpg 591.0003199999999,452.99988,676.0,496.9998,6 672.9996800000001,329.99976000000004,733.99936,365.99976000000004,6 610.0,392.00003999999996,686.0,433.9998,6 714.0006400000001,390.99996,791.00032,428.00004,6 702.99968,309.9996,754.99968,338.99976000000004,6 710.0,282.00023999999996,758.9996799999999,304.99992,6 716.0,248.00039999999996,765.99936,271.00007999999997,6
/N/u/mkpandey/tensorflow-yolov3/VOC/train/VOCdevkit/VOC2007/JPEGImages/102nd_2178.jpg 443.00031999999993,227.00016,1166.00064,515.00016,6
/N/u/mkpandey/tensorflow-yolov3/VOC/train/VOCdevkit/VOC2007/JPEGImages/102nd_2174.jpg 395.00032,186.99983999999998,1092.99968,569.00016,6 1108.00064,25.999920000000003,1280.00064,282.00023999999996,6
/N/u/mkpandey/tensorflow-yolov3/VOC/train/VOCdevkit/VOC2007/JPEGImages/102nd_2499.jpg 892.9996800000001,170.99964,1097.99936,299.99988,6 517.9999999999999,306.99972,741.00032,433.99980000000005,6 445.00031999999993,370.00008,676.00064,491.0004,6 170.99968,421.0002,434.0,577.00044,6
/N/u/mkpandey/tensorflow-yolov3/VOC/train/VOCdevkit/VOC2007/JPEGImages/102nd_421.jpg 367.00032000000004,399.99960000000004,410.00064000000003,430.99992000000003,6 422.00064000000003,405.00035999999994,467.00032000000004,438.00012,6 472.99904,419.99976,514.99968,444.99959999999993,6 414.0,338.99976,451.99936,370.00007999999997,6 453.00096,348.99983999999995,487.00032000000004,371.99951999999996,6 509.00031999999993,356.0004,549.9999999999999,381.00023999999996,6 508.99968000000007,297.0,552.0000000000001,324.0,6 541.99936,311.99976000000004,576.9996800000001,336.9996,6 581.00032,317.99988,618.99968,339.00012,6 658.0006400000001,273.00023999999996,692.0000000000001,293.0004,6 702.99968,273.00023999999996,734.0000000000001,293.0004,6 827.9999999999999,243.00036000000003,855.00032,260.00028000000003,6 904.99968,244.00008,927.00032,262.00008,6
/N/u/mkpandey/tensorflow-yolov3/VOC/train/VOCdevkit/VOC2007/JPEGImages/102nd_2181.jpg 612.99904,311.00003999999996,958.99968,516.99996,6 620.0,215.99964,948.0,371.99987999999996,6 507.9999999999999,106.00019999999999,826.0006399999999,303.00012,6 677.99936,7.000199999999992,984.9996799999999,197.00027999999998,6
/N/u/mkpandey/tensorflow-yolov3/VOC/train/VOCdevkit/VOC2007/JPEGImages/102nd_416.jpg 581.00032,315.99972,649.00032,354.99996,6 661.9993599999999,322.00019999999995,736.99968,354.99996,6 742.0000000000001,317.99988,814.99968,352.9998,6
/N/u/mkpandey/tensorflow-yolov3/VOC/train/VOCdevkit/VOC2007/JPEGImages/102nd_502.jpg 65.00032000000002,165.99996,274.0,266.00004,6 355.00032,368.00028000000003,608.0,502.0002,6 672.99968,335.99988,909.9993599999999,471.99996000000004,6
/N/u/mkpandey/tensorflow-yolov3/VOC/train/VOCdevkit/VOC2007/JPEGImages/102nd_419.jpg 188.00000000000006,204.99983999999995,967.0003200000001,546.99984,6 590.0,199.00008000000003,917.0003199999999,325.00008,6
/N/u/mkpandey/tensorflow-yolov3/VOC/train/VOCdevkit/VOC2007/JPEGImages/frame890.jpg 150,124,749,358,6 775,133,1003,235,6 814,290,1279,720,6
/N/u/mkpandey/tensorflow-yolov3/VOC/train/VOCdevkit/VOC2007/JPEGImages/102nd_1276.jpg 842.0000000000001,279.00036,954.99968,339.00012000000004,6 836.00064,250.0002,941.0003200000001,312.00012,6 518.00064,316.9998,648.0,398.99988,6 622.9996799999999,309.00023999999996,742.0,379.00008,6 636.0000000000001,261.99972,754.0006400000001,332.99964,6 762.0,208.00008000000003,857.0003200000001,271.00008,6 764.00064,149.00039999999998,845.0003199999999,199.00008,6 732.9996799999999,126.0,816.0,177.99984,6 742.0000000000001,96.99983999999999,814.99968,116.99999999999999,6 709.00032,18.99972,772.0006400000001,57.99996,6 664.00064,1.0000800000000005,724.00064,19.00008,6
/N/u/mkpandey/tensorflow-yolov3/VOC/train/VOCdevkit/VOC2007/JPEGImages/102nd_2175.jpg 456.0,150.99984000000003,1096.0,499.99968,6
/N/u/mkpandey/tensorflow-yolov3/VOC/train/VOCdevkit/VOC2007/JPEGImages/102nd_2787.jpg 61.00031999999999,355.99968000000007,1198.0,720.0,6 562.99968,151.0002,598.99968,172.00044000000003,6
/N/u/mkpandey/tensorflow-yolov3/VOC/train/VOCdevkit/VOC2007/JPEGImages/102nd_2788.jpg 65.99936000000002,353.9998799999999,1208.0,719.99964,6 560.0,150.00011999999998,600.0,171.00036,6
/N/u/mkpandey/tensorflow-yolov3/VOC/train/VOCdevkit/VOC2007/JPEGImages/102nd_845.jpg 580.99968,228.99996,891.00032,403.00019999999995,6
/N/u/mkpandey/tensorflow-yolov3/VOC/train/VOCdevkit/VOC2007/JPEGImages/102nd_1112.jpg 38.99903999999998,576.0,468.99968,720.0,6 511.00032,370.00007999999997,824.99968,554.0004,6 700.0,249.99984,984.9996799999999,416.00016,6 809.0003200000001,153.0,1056.00064,301.99967999999996,6 863.99936,42.00048000000001,1110.99968,191.00016,6
/N/u/mkpandey/tensorflow-yolov3/VOC/train/VOCdevkit/VOC2007/JPEGImages/102nd_449.jpg 550.0,417.9996,802.0,529.99992,6 445.99936,375.00012000000004,540.0,410.00004,6 386.99968,349.99992,429.00032,370.00008,6
/N/u/mkpandey/tensorflow-yolov3/VOC/train/VOCdevkit/VOC2007/JPEGImages/102nd_517.jpg 34.99968000000001,357.99984,1232.9990400000002,720.0,6 547.00032,217.00007999999997,665.00096,280.00007999999997,6
/N/u/mkpandey/tensorflow-yolov3/VOC/train/VOCdevkit/VOC2007/JPEGImages/102nd_2297.jpg 547.0003200000001,563.0004,702.00064,660.00024,6 582.99968,431.0002799999999,711.9993599999999,518.0000399999999,6 624.99968,374.99976000000004,736.99968,430.9999200000001,6 639.0003200000001,352.00008,740.0,403.99992,6 652.00064,322.0002,754.0,368.00028000000003,6 719.9993599999999,302.00003999999996,822.99968,348.00012,6 696.9996800000001,290.00016,796.0,328.00032000000004,6 669.00032,265.00032,756.0006400000001,310.00032,6 648.0006400000001,228.99960000000002,737.00032,284.99976000000004,6 1023.0003200000001,101.00016,1116.0,150.00047999999998,6 889.00096,101.99988,979.00032,156.99996,6 784.9996800000001,102.99960000000002,861.99936,160.99992,6 708.99904,106.00019999999999,782.99968,163.00044,6 569.00032,199.00044000000003,656.0006400000001,250.0002,6 543.0003200000001,186.99983999999998,620.0,222.99983999999998,6 489.00032000000004,171.99972000000002,562.0,208.9998,6 488.00064000000003,152.99964,561.00032,189.99971999999997,6 505.99999999999994,132.00011999999998,578.9996799999999,169.0002,6 560.00064,117.99972000000001,633.0003199999999,154.9998,6
/N/u/mkpandey/tensorflow-yolov3/VOC/train/VOCdevkit/VOC2007/JPEGImages/102nd_505.jpg 410.99968,264.99996,624.99904,356.00004,6 560.99968,252.0,760.99968,337.00032,6
/N/u/mkpandey/tensorflow-yolov3/VOC/train/VOCdevkit/VOC2007/JPEGImages/102nd_414.jpg 594.99968,319.99968,666.0000000000001,360.0,6 692.0006400000001,319.00032,778.0000000000001,360.0,6 795.00032,319.99968,883.00032,360.0,6
/N/u/mkpandey/tensorflow-yolov3/VOC/train/VOCdevkit/VOC2007/JPEGImages/102nd_1093.jpg 91.00031999999999,450.0000000000001,632.0,663.9998400000001,6
/N/u/mkpandey/tensorflow-yolov3/VOC/train/VOCdevkit/VOC2007/JPEGImages/102nd_2388.jpg 0.9996799999999979,555.0001199999999,119.00032,664.0002,6 250.0,514.9998,478.0,610.99956,6 322.0,457.99992,495.99936,532.00008,6 468.99968,415.9998,627.00032,500.00003999999996,6 353.00032,387.00036000000006,501.00032,458.00028000000003,6 458.99968,349.00020000000006,573.00032,406.00044,6 592.0,365.00004,716.9996799999999,422.00028,6 577.99936,330.00048,676.9996799999999,380.00016,6 498.99968000000007,315.99972,587.99936,352.99980000000005,6 594.99968,300.99996000000004,678.99968,340.0002,6 488.00064000000003,287.99964000000006,569.0003200000001,317.99988,6 586.0,281.00016,657.0003200000001,305.99999999999994,6 519.99936,257.00004,587.99936,287.00028,6 637.99936,262.9998,688.9996800000001,290.99988,6 660.0,251.00028000000003,716.0,288.00036000000006,6 692.99968,244.00008000000003,748.99968,275.99976000000004,6 905.9993599999999,210.00024,972.99968,244.00008,6 362.00064000000003,238.99967999999998,450.00064000000003,285.99984,6
/N/u/mkpandey/tensorflow-yolov3/VOC/train/VOCdevkit/VOC2007/JPEGImages/102nd_839.jpg 531.0003200000001,268.0002,854.00064,458.00028000000003,6
/N/u/mkpandey/tensorflow-yolov3/VOC/train/VOCdevkit/VOC2007/JPEGImages/102nd_518.jpg 27.000319999999988,357.0001199999999,1227.00032,718.0002,6 551.9993599999999,211.99968,678.99968,285.99984,6
/N/u/mkpandey/tensorflow-yolov3/VOC/train/VOCdevkit/VOC2007/JPEGImages/102nd_464.jpg 669.9993599999999,417.00023999999996,728.99968,455.0004,6 822.0006399999999,486.99971999999997,911.9999999999999,532.9997999999999,6 1094.0006400000002,582.00012,1227.00032,641.99988,6
/N/u/mkpandey/tensorflow-yolov3/VOC/train/VOCdevkit/VOC2007/JPEGImages/102nd_452.jpg 414.99967999999996,372.99996,535.99936,446.00004,6 607.0003199999999,410.00004,882.00064,557.00028,6 390.0,356.00004,453.00032,386.00028,6
/N/u/mkpandey/tensorflow-yolov3/VOC/train/VOCdevkit/VOC2007/JPEGImages/102nd_2480.jpg 289.99935999999997,321.99984000000006,457.99935999999997,396.0,6 420.99904000000004,329.00003999999996,534.99968,393.00012,6 362.0,306.0,457.00032,351.0,6
/N/u/mkpandey/tensorflow-yolov3/VOC/train/VOCdevkit/VOC2007/JPEGImages/102nd_425.jpg 790.00064,279.0,912.0,328.00032,6 772.0000000000001,259.0002,880.99968,298.00043999999997,6 0.9996799999999908,401.00039999999996,101.99936,442.00007999999997,6 9.000320000000002,374.99976000000004,128.00063999999998,410.99976000000004,6 4.999679999999998,347.00003999999996,110.99904,388.9998,6
/N/u/mkpandey/tensorflow-yolov3/VOC/train/VOCdevkit/VOC2007/JPEGImages/102nd_454.jpg 141.00032,318.99996000000004,292.00064000000003,380.99988,6 356.0,354.99996000000004,400.99968,385.0002,6 433.99935999999997,358.99956000000003,465.99935999999997,379.9998,6 489.00032,360.99972,515.00096,377.99964,6 540.99968,357.00048,569.9993599999999,380.00016,6 611.9993599999999,358.99992000000003,642.99968,374.99976,6 700.0,360.00036,728.9996799999999,375.00012000000004,6 750.0,357.99984,774.9996799999999,375.99984,6 829.00032,358.00020000000006,852.0006400000001,375.00012000000004,6 865.0003199999999,356.0004,888.00064,370.00008,6 911.99936,357.0001199999999,939.99936,367.00019999999995,6
/N/u/mkpandey/tensorflow-yolov3/VOC/train/VOCdevkit/VOC2007/JPEGImages/102nd_511.jpg 457.00032,355.00032,597.00032,418.00032,6 300.0,262.00007999999997,365.99936,300.00024,6 356.00000000000006,258.00012,416.99968000000007,295.0002,6 477.00032,235.00008,529.00032,257.0004,6 594.0006400000001,228.00024000000002,631.00032,244.00008000000003,6 757.9999999999999,226.00044,789.00032,241.00019999999998,6 852.0,225.99972,876.0,237.99996000000002,6 905.99936,220.99968,936.0,231.99984,6
/N/u/mkpandey/tensorflow-yolov3/VOC/train/VOCdevkit/VOC2007/JPEGImages/102nd_526.jpg 411.00032,450.9997200000001,480.0,489.99996000000004,6 464.99968,395.99964000000006,530.99904,434.99988,6 548.99968,337.00032,601.9993599999999,364.00032,6 558.00064,303.99983999999995,603.0003199999999,333.0,6 611.9993599999999,260.99963999999994,642.99968,279.99971999999997,6 639.00032,232.0002,666.0006400000001,249.00011999999998,6 640.99904,194.99976,658.99968,205.99992,6
/N/u/mkpandey/tensorflow-yolov3/VOC/train/VOCdevkit/VOC2007/JPEGImages/102nd_2721.jpg 445.00031999999993,176.0004,982.0,426.00023999999996,6 3.999360000000138,344.00016000000005,1042.99968,720.0,6
/N/u/mkpandey/tensorflow-yolov3/VOC/train/VOCdevkit/VOC2007/JPEGImages/102nd_514.jpg 615.9993599999999,208.9998,718.99968,272.99988,6 26.0,355.99968000000007,1222.0,720.0,6
/N/u/mkpandey/tensorflow-yolov3/VOC/train/VOCdevkit/VOC2007/JPEGImages/102nd_497.jpg 1128.0,321.00012,1187.00032,356.00003999999996,6
/N/u/mkpandey/tensorflow-yolov3/VOC/train/VOCdevkit/VOC2007/JPEGImages/102nd_485.jpg 862.0,375.99984000000006,970.0,429.99984000000006,6 1057.00032,295.99992000000003,1125.00032,329.99976,6 1122.99968,233.00028,1166.99968,261.00036,6
/N/u/mkpandey/tensorflow-yolov3/VOC/train/VOCdevkit/VOC2007/JPEGImages/102nd_486.jpg 375.99936,399.99996,438.99968,425.99987999999996,6 566.00064,398.00016000000005,632.0,425.00016000000005,6 714.00064,402.99983999999995,772.0,425.00015999999994,6
/N/u/mkpandey/tensorflow-yolov3/VOC/train/VOCdevkit/VOC2007/JPEGImages/102nd_2455.jpg 274.0,281.00015999999994,710.0,501.99983999999995,6 734.0,279.0,1206.99968,490.99968,6
/N/u/mkpandey/tensorflow-yolov3/VOC/train/VOCdevkit/VOC2007/JPEGImages/102nd_457.jpg 308.99968,436.00032000000004,428.99968,508.00032000000004,6 5.000320000000002,579.99996,118.0,655.0002000000001,6 77.00031999999999,527.99976,220.00063999999998,608.99976,6 423.00032000000004,385.9999200000001,532.0,451.00008,6 496.0,354.99996000000004,592.0,405.9997200000001,6 527.00032,324.99972,615.00032,370.99980000000005,6 652.00064,263.99988,730.0,316.9998,6 846.0,216.99971999999997,918.9996799999999,251.99964,6 968.9996799999999,212.99976,1040.99968,244.00008,6 1039.00032,199.00008,1116.0,237.00024,6 1138.0006400000002,186.99983999999998,1228.0,227.00015999999997,6
/N/u/mkpandey/tensorflow-yolov3/VOC/train/VOCdevkit/VOC2007/JPEGImages/102nd_847.jpg 512.0,207.00036000000003,961.99936,467.0002800000001,6
/N/u/mkpandey/tensorflow-yolov3/VOC/train/VOCdevkit/VOC2007/JPEGImages/102nd_488.jpg 372.0,436.99968,519.00032,501.99983999999995,6 363.00032,390.99996,448.0,441.99972,6 439.99936,391.00032,515.99936,436.00032,6 576.0,397.00008,640.0,428.0004,6 668.9996800000001,397.00008,721.99936,426.0002400000001,6 846.99904,389.99988,908.99968,429.00012,6
/N/u/mkpandey/tensorflow-yolov3/VOC/train/VOCdevkit/VOC2007/JPEGImages/102nd_2017.jpg 163.00032000000004,462.99996000000004,414.00064000000003,592.0002000000001,6 228.99968,267.99983999999995,396.99968,369.0,6 258.0,65.00016,422.0,144.0,6 565.00032,486.99971999999997,653.9999999999999,534.99996,6 609.9993599999999,450.99971999999997,684.99968,496.9998,6 579.00032,434.99988,659.00032,476.99964000000006,6 620.00064,407.99988,693.0003199999999,456.00012,6 604.9996800000001,393.00012000000004,673.99936,430.00020000000006,6 608.0,382.00032,680.0,407.00015999999994,6 606.9996799999999,359.99964,670.0,396.99972,6 636.99968,304.0002,700.99968,334.00043999999997,6 648.0,290.99988,712.0,321.00012,6 660.9996800000001,269.99964,724.9996800000001,299.99987999999996,6 658.99904,240.99983999999998,712.99968,265.99967999999996,6 644.99968,232.99992,699.00032,257.99976,6 668.0000000000001,219.00024,722.0006400000001,244.00008,6 672.99968,186.99984,727.00032,211.99968,6 681.99936,177.99984,736.0,202.99968,6 727.00032,162.0,781.00096,186.99984,6 679.9999999999999,151.99992,734.0006399999999,176.99976,6 695.00032,129.00024,749.00096,154.00008,6
/N/u/mkpandey/tensorflow-yolov3/VOC/train/VOCdevkit/VOC2007/JPEGImages/102nd_2053.jpg 734.99968,402.99984,1001.00032,587.00016,6 716.0,259.99992000000003,972.0,428.99976,6 749.0003199999999,105.99984,985.0003199999999,261.0,6 667.00032,1.9997999999999934,897.00096,135.99972,6
/N/u/mkpandey/tensorflow-yolov3/VOC/train/VOCdevkit/VOC2007/JPEGImages/102nd_1230.jpg 798.00064,344.99952,971.0003199999999,456.99984,6 501.00032000000004,341.99964000000006,676.0006400000001,434.99988,6 552.0,268.0002,699.0003200000001,354.99996000000004,6 762.0,127.00008,894.0,203.99976,6 872.0,12.999600000000001,971.0003199999999,70.99992,6 901.9993599999999,0.999719999999999,976.99968,12.999960000000002,6
/N/u/mkpandey/tensorflow-yolov3/VOC/train/VOCdevkit/VOC2007/JPEGImages/102nd_2498.jpg 1070.0006400000002,140.00004,1272.0,264.99996,6 553.0003200000001,282.99996,752.00064,405.99972,6 464.99968000000007,355.99968,676.0,477.0,6 257.99936,409.99968,500.99968,546.9998400000001,6
/N/u/mkpandey/tensorflow-yolov3/VOC/train/VOCdevkit/VOC2007/JPEGImages/102nd_491.jpg 328.0,352.00008,428.99968,401.99976000000004,6 368.00000000000006,327.99996000000004,444.99968000000007,371.99988,6 457.00032000000004,286.99992,512.0006400000001,316.00008,6 568.0006400000001,277.99992000000003,617.00032,300.99960000000004,6
/N/u/mkpandey/tensorflow-yolov3/VOC/train/VOCdevkit/VOC2007/JPEGImages/102nd_479.jpg 330.0,369.0,526.0,461.00016000000005,6 514.0,336.00024,673.0003199999999,421.99992000000003,6
/N/u/mkpandey/tensorflow-yolov3/VOC/train/VOCdevkit/VOC2007/JPEGImages/102nd_524.jpg 456.0,448.0002,537.99936,492.00012,6 580.0,464.99976,655.0003200000001,502.99992000000003,6 564.99968,342.00036,619.00032,368.00028,6 657.00032,298.9998,694.99968,320.00003999999996,6 668.0000000000001,262.00008,704.99968,277.99992,6 691.9999999999999,229.00032,722.0006399999999,245.00016,6
/N/u/mkpandey/tensorflow-yolov3/VOC/train/VOCdevkit/VOC2007/JPEGImages/102nd_1245.jpg 291.00032,230.99976000000004,651.00032,464.99976000000004,6 602.9996799999999,232.99992000000003,898.0,435.99960000000004,6 757.9999999999999,196.0002,1056.0006399999997,384.00012,6
/N/u/mkpandey/tensorflow-yolov3/VOC/train/VOCdevkit/VOC2007/JPEGImages/102nd_481.jpg 694.0006400000001,450.0,763.00032,490.00032,6 781.0003199999999,304.99956,828.00064,325.99979999999994,6 735.00032,322.0002,787.9999999999999,348.00012,6 739.00032,340.99992,803.00032,370.00008,6 718.0,372.00024,786.0,399.00024,6 796.0,424.00007999999997,864.9996799999999,464.00039999999996,6 702.99968,426.99995999999993,774.0000000000001,459.99971999999997,6
/N/u/mkpandey/tensorflow-yolov3/VOC/train/VOCdevkit/VOC2007/JPEGImages/ff125.jpg 163.99936000000008,237.99996000000007,1122.9996800000001,509.00004,6
/N/u/mkpandey/tensorflow-yolov3/VOC/train/VOCdevkit/VOC2007/JPEGImages/102nd_420.jpg 357.00032,399.99996,417.00032,432.99972,6 410.00064,405.0,460.0,441.0,6 456.0,417.99959999999993,507.00032,446.99976,6 470.99968,357.99984,513.00032,380.99952,6 522.0,363.00024,566.0,385.99992000000003,6 576.9996800000001,372.9996,621.99936,394.99992,6 694.0,337.99968,738.0,360.0,6 656.9996800000001,333.00036,693.99936,357.00012000000004,6 622.9996799999999,324.0,662.0,346.99968,6 800.99968,299.99987999999996,834.99904,318.99996,6 848.0,298.00007999999997,880.0,320.99976,6 885.00032,302.99976000000004,921.00032,318.9996,6 976.99968,268.0002,1000.99968,285.00012,6 1023.0003200000001,265.00032,1047.00032,283.00032,6 1054.99968,265.99967999999996,1086.0,285.99984,6
/N/u/mkpandey/tensorflow-yolov3/VOC/train/VOCdevkit/VOC2007/JPEGImages/102nd_470.jpg 379.9993599999999,131.99975999999998,1274.99968,565.99992,6 150.0,492.00048,226.0,533.0001599999999,6
/N/u/mkpandey/tensorflow-yolov3/VOC/train/VOCdevkit/VOC2007/JPEGImages/102nd_2056.jpg 627.9999999999999,200.99951999999996,1181.9993599999998,474.99983999999995,6 5.999359999999996,0.9997199999999964,468.0,147.99996,6
/N/u/mkpandey/tensorflow-yolov3/VOC/train/VOCdevkit/VOC2007/JPEGImages/102nd_1975.jpg 514.99968,338.00004,579.9993599999999,375.00012000000004,6 722.0000000000001,377.99964000000006,794.99968,407.99988,6 741.9999999999999,398.00015999999994,821.00032,429.99983999999995,6 870.0000000000001,411.99984,955.9993600000001,452.00016,6 985.00032,435.99996,1070.99968,488.99987999999996,6 1122.99968,489.99959999999993,1206.99968,538.99992,6
/N/u/mkpandey/tensorflow-yolov3/VOC/train/VOCdevkit/VOC2007/JPEGImages/102nd_415.jpg 573.00032,315.99972,641.00032,354.99996,6 669.00032,319.00032,748.0006400000001,360.0,6 761.9999999999999,321.99984,847.9993599999999,357.99984,6
/N/u/mkpandey/tensorflow-yolov3/VOC/train/VOCdevkit/VOC2007/JPEGImages/102nd_2335.jpg 146.99968,147.9996,1070.99968,536.99976,6
/N/u/mkpandey/tensorflow-yolov3/VOC/train/VOCdevkit/VOC2007/JPEGImages/102nd_456.jpg 188.0,297.0,389.99936,389.00016000000005,6 409.00096,361.00007999999997,443.00032000000004,381.00024,6 463.00095999999996,358.0002,501.00032,377.00028000000003,6 514.0,357.99984,551.99936,375.99984,6 566.99968,360.0,594.99968,375.99983999999995,6 608.00064,361.00007999999997,646.0,376.9999199999999,6 685.00032,363.9996,717.9999999999999,374.99976000000004,6 772.99968,357.00012000000004,801.9993599999999,378.00036,6 826.99968,358.99956,854.99968,370.99979999999994,6 914.99968,357.99984,939.9993599999999,375.99984,6 951.99936,357.00048,974.9996800000001,371.00016,6 991.0003200000001,351.99971999999997,1020.0,368.99963999999994,6 1041.0003199999999,356.00003999999996,1067.00096,370.9998,6
/N/u/mkpandey/tensorflow-yolov3/VOC/train/VOCdevkit/VOC2007/JPEGImages/102nd_2549.jpg 478.0,189.00035999999997,1114.0,638.00028,6
/N/u/mkpandey/tensorflow-yolov3/VOC/train/VOCdevkit/VOC2007/JPEGImages/102nd_1022.jpg 421.00032000000004,141.99983999999998,1014.0,405.0,6
/N/u/mkpandey/tensorflow-yolov3/VOC/train/VOCdevkit/VOC2007/JPEGImages/102nd_484.jpg 366.99968,302.99976000000004,441.00032,347.99976000000004,6 546.00064,388.00008,668.0,457.99992,6 982.9996799999999,559.00044,1182.0,655.0002,6
/N/u/mkpandey/tensorflow-yolov3/VOC/train/VOCdevkit/VOC2007/JPEGImages/102nd_2454.jpg 373.99936,306.0,660.0,490.00032,6 662.9996799999999,306.99972,935.99936,494.99964,6
/N/u/mkpandey/tensorflow-yolov3/VOC/train/VOCdevkit/VOC2007/JPEGImages/102nd_2051.jpg 726.99968,424.00008,945.00032,556.99992,6 706.0,339.99984000000006,922.9996799999999,465.99984000000006,6 752.99968,246.99960000000002,962.99904,365.99976000000004,6 716.0,185.00039999999998,927.0003199999999,300.00023999999996,6 692.9996799999999,90.0,881.99936,207.0,6 714.0,4.999679999999998,902.0,121.99968,6
/N/u/mkpandey/tensorflow-yolov3/VOC/train/VOCdevkit/VOC2007/JPEGImages/ff138.jpg 1.0003199999999879,210.99995999999996,785.9999999999999,556.0002,6
/N/u/mkpandey/tensorflow-yolov3/VOC/train/VOCdevkit/VOC2007/JPEGImages/102nd_527.jpg 381.00032,474.99983999999995,462.0,524.99952,6 387.99936,555.0001199999999,487.99936,610.0002,6 492.0,377.99999999999994,548.0,404.99999999999994,6 569.00032,325.00007999999997,609.9999999999999,345.00024,6 635.99936,249.00047999999998,655.99936,263.00016,6
/N/u/mkpandey/tensorflow-yolov3/VOC/train/VOCdevkit/VOC2007/JPEGImages/frame468.jpg 214,268,1119,519,6
/N/u/mkpandey/tensorflow-yolov3/VOC/train/VOCdevkit/VOC2007/JPEGImages/102nd_1978.jpg 991.0003200000001,348.99983999999995,1276.0,479.00015999999994,6 475.00032,295.0002,595.00032,352.00043999999997,6
/N/u/mkpandey/tensorflow-yolov3/VOC/train/VOCdevkit/VOC2007/JPEGImages/102nd_2459.jpg 34.0,242.00027999999998,132.00064,306.00036,6 214.99968,286.99992,326.0,343.00008,6 476.00064000000003,333.0,581.0003200000001,382.99968,6 470.00064,375.00012000000004,582.00064,432.00036,6 1049.99936,601.99992,1185.99936,680.9997599999999,6 904.99968,446.00003999999996,1012.0000000000001,503.0002799999999,6 810.9996799999999,447.99983999999995,958.9996799999999,528.99984,6
/N/u/mkpandey/tensorflow-yolov3/VOC/train/VOCdevkit/VOC2007/JPEGImages/102nd_835.jpg 840.0,382.00032000000004,952.0,425.00016,6
/N/u/mkpandey/tensorflow-yolov3/VOC/train/VOCdevkit/VOC2007/JPEGImages/102nd_1297.jpg 148.0,516.9996,349.99936,628.9999200000001,6 650.0,281.00015999999994,788.00064,355.00032,6 455.00032,275.99976000000004,584.99968,349.99992,6 515.00032,356.00004,667.00032,442.99980000000005,6 464.0,396.0,614.00064,468.0,6 261.00095999999996,468.00000000000006,463.00032,580.0003200000001,6 856.9996799999999,284.00003999999996,1012.0,361.9998,6 935.00032,112.00031999999999,1047.00032,193.00032,6 767.99936,245.00015999999997,906.0,319.00032,6 851.99936,202.99967999999998,990.0,276.99983999999995,6
/N/u/mkpandey/tensorflow-yolov3/VOC/train/VOCdevkit/VOC2007/JPEGImages/102nd_1021.jpg 374.99967999999996,195.99983999999998,934.0,463.99968,6
/N/u/mkpandey/tensorflow-yolov3/VOC/train/VOCdevkit/VOC2007/JPEGImages/102nd_1024.jpg 314.99967999999996,406.0000799999999,907.99936,669.00024,6
/N/u/mkpandey/tensorflow-yolov3/VOC/train/VOCdevkit/VOC2007/JPEGImages/102nd_530.jpg 412.00064000000003,277.0002,480.00064000000003,323.00028000000003,6 542.9996800000001,306.0,615.99936,355.99968,6
/N/u/mkpandey/tensorflow-yolov3/VOC/train/VOCdevkit/VOC2007/JPEGImages/102nd_2678.jpg 76.00063999999999,418.99968,253.00032,508.99968,6 207.00032,402.99984,362.00064,488.99952,6 309.00032,359.00028000000003,457.00032,441.00036000000006,6 375.00032,336.9996,516.0,412.99992,6 582.99904,274.99968,716.99968,351.0,6 658.00064,243.0,783.0003200000001,319.99968,6 760.9996799999999,226.00044,893.99936,295.0002,6 860.99968,201.00024,990.99904,266.0004,6 1102.00064,201.00024000000002,1246.00064,271.00008,6
/N/u/mkpandey/tensorflow-yolov3/VOC/train/VOCdevkit/VOC2007/JPEGImages/102nd_465.jpg 163.00032,472.99968000000007,291.00032,513.0000000000001,6 315.00032,471.00024,427.00032,511.99992000000003,6 957.0003200000001,420.99983999999995,1062.0,459.0,6
/N/u/mkpandey/tensorflow-yolov3/VOC/train/VOCdevkit/VOC2007/JPEGImages/102nd_423.jpg 426.99968,346.00032,491.99936,396.0,6 489.99999999999994,347.00004,546.9996799999999,404.00028,6 547.00096,361.00044,625.00032,394.00020000000006,6 245.00032,247.00032,281.00032,283.00032,6 287.00032,250.99992000000003,332.0,282.99960000000004,6 343.00032000000004,260.00028,386.00064000000003,284.00004,6 183.99936,177.00012,214.99967999999998,198.00036000000003,6 232.0,182.99988,262.00064,210.99996000000002,6 274.99968,193.00032,306.0,216.0,6
/N/u/mkpandey/tensorflow-yolov3/VOC/train/VOCdevkit/VOC2007/JPEGImages/102nd_528.jpg 388.99968,468.0,468.99968,515.00016,6 586.0,305.00028000000003,628.00064,324.00036000000006,6 654.00064,302.0004,699.0003199999999,325.00008,6 610.0,245.00016000000002,636.00064,258.00048000000004,6
/N/u/mkpandey/tensorflow-yolov3/VOC/train/VOCdevkit/VOC2007/JPEGImages/ff274.jpg 742.0,444.99960000000004,1138.0,601.99992,6 456.00000000000006,381.99959999999993,579.0003200000001,428.99976,6 571.00096,364.00032,673.00032,425.00015999999994,6 651.99936,357.00012000000004,778.9996800000001,423.00036,6 475.99936,355.00032,538.99968,387.0,6 407.99936,357.00012000000004,470.99968,392.00004,6
/N/u/mkpandey/tensorflow-yolov3/VOC/train/VOCdevkit/VOC2007/JPEGImages/102nd_2456.jpg 106.99967999999996,349.99992000000003,640.9990399999999,579.0002400000001,6 372.99968,336.00024,724.99968,525.0002400000001,6
/N/u/mkpandey/tensorflow-yolov3/VOC/train/VOCdevkit/VOC2007/JPEGImages/102nd_1198.jpg 412.00064,99.99972,1130.0,476.99964,6 0.9990399999999795,517.9996799999999,386.99968,720.0,6
/N/u/mkpandey/tensorflow-yolov3/VOC/train/VOCdevkit/VOC2007/JPEGImages/102nd_523.jpg 525.00032,474.99984,610.99968,517.99968,6 588.9996800000001,398.00016000000005,657.99936,432.0,6 701.00096,397.9998,767.00032,430.99956000000003,6 686.0006400000001,320.0004,731.00032,343.00008,6 733.9993599999999,290.99988,768.99968,318.99996000000004,6 742.99968,263.99988,775.9993599999999,280.9998,6 744.9996800000001,236.99988000000002,781.99936,251.99964,6
/N/u/mkpandey/tensorflow-yolov3/VOC/train/VOCdevkit/VOC2007/JPEGImages/102nd_516.jpg 35.00031999999999,357.99984,1225.0009599999998,720.0,6 547.00032,212.99976,652.99968,277.99992,6
/N/u/mkpandey/tensorflow-yolov3/VOC/train/VOCdevkit/VOC2007/JPEGImages/102nd_501.jpg 610.9996799999999,367.0002,770.0,438.00012,6 632.9996800000001,340.99992000000003,780.0,390.99960000000004,6 178.00064,199.00008,263.00032,239.99976,6
/N/u/mkpandey/tensorflow-yolov3/VOC/train/VOCdevkit/VOC2007/JPEGImages/102nd_1301.jpg 9.999360000000003,198.00000000000003,76.99968000000001,247.00032000000002,6 91.99936000000002,213.00012,170.99968,254.99988,6 460.99968,380.99951999999996,606.99904,474.99983999999995,6 619.99936,380.00015999999994,778.9996799999999,463.00032,6 642.0000000000001,452.00016,828.0006400000001,546.99984,6 804.0,405.99972,994.00064,507.99996,6 909.0003200000001,531.0000000000001,1172.0006400000002,672.9998400000001,6
/N/u/mkpandey/tensorflow-yolov3/VOC/train/VOCdevkit/VOC2007/JPEGImages/102nd_2481.jpg 432.99968,318.99996,485.99936,351.99972,6 531.99936,336.00024,646.0,381.00024,6 597.00032,348.00012000000004,801.00032,443.9998800000001,6 464.99968,365.0004,728.99968,480.0002400000001,6
/N/u/mkpandey/tensorflow-yolov3/VOC/train/VOCdevkit/VOC2007/JPEGImages/102nd_459.jpg 170.99968,446.99976,334.99968,527.9997599999999,6 2.999679999999998,541.00008,107.99936000000001,628.99992,6 492.99968,350.99964,620.99968,416.99987999999996,6 554.99904,329.0004,664.99968,388.00008,6 678.00064,327.99996000000004,795.0003199999999,385.0002,6 761.99936,245.99952000000002,856.0,303.99984,6 850.99904,218.99952,944.99968,276.99984,6 930.99904,245.99952000000002,1024.9996800000001,303.99984,6 954.99968,196.99992000000003,1040.99904,244.00008000000003,6 925.00032,162.0,1001.00032,202.00032,6 862.99968,174.00024,948.99904,221.00039999999998,6 1111.99936,85.00031999999999,1174.9996800000001,119.00016,6
/N/u/mkpandey/tensorflow-yolov3/VOC/train/VOCdevkit/VOC2007/JPEGImages/102nd_453.jpg 138.99903999999998,335.00016,248.99968,371.00016,6 262.0,352.99979999999994,299.99936,376.99956,6 316.00064,357.99984000000006,354.0,382.99968,6 441.99936,361.99980000000005,484.99968,378.99972,6 520.9996799999999,358.99992,556.0,376.99992,6 565.0003199999999,363.99996,596.00064,378.99972,6 634.99968,363.00024,667.9993599999999,379.00007999999997,6 716.0,361.9998,748.0,380.99988,6 768.00064,360.00036,796.00064,377.00028,6 839.00032,358.9999199999999,866.0006400000001,379.00007999999997,6 903.00032,358.99992,935.00032,376.99992,6 1018.9996800000001,357.99984,1046.9996800000001,371.00016,6 1061.99936,356.00003999999996,1088.9996800000001,368.0002799999999,6
/N/u/mkpandey/tensorflow-yolov3/VOC/train/VOCdevkit/VOC2007/JPEGImages/102nd_519.jpg 508.0,390.00023999999996,578.00064,428.0004,6 519.00032,361.9998,586.0006400000001,394.99956000000003,6 553.00032,322.0002,621.00032,345.99996000000004,6 552.0,280.9998,608.0,306.99971999999997,6 534.0,261.00036,578.0,287.00028,6 502.99968000000007,215.99964,550.0000000000001,236.99988000000002,6 551.9999999999999,196.99991999999997,595.00032,217.00007999999997,6 766.0,179.99964,814.9996799999999,200.99988000000002,6 925.0003200000001,172.9998,985.0003200000001,200.99988000000002,6
/N/u/mkpandey/tensorflow-yolov3/VOC/train/VOCdevkit/VOC2007/JPEGImages/102nd_476.jpg 227.00032,320.0004,328.0,363.00023999999996,6 209.00032,303.00012,256.00064,326.99988,6
